iteration,time_sampling,stoc_pol_mean,stoc_pol_std,stoc_pol_max,stoc_pol_min,rollout_success,alpha,delta,time_vpg,time_npg,kl_dist,surr_improvement,running_score,rwd_sparse,rwd_dense,success_percentage,num_samples,time_VF,VF_error_before,VF_error_after,eval_score,eval_success
0,21.379450798034668,-101.5365412872702,4.379252496149154,-90.91916733461069,-116.89477415109371,0.0,2.134439788876354,0.05,0.016129493713378906,0.2563748359680176,0.02787091,0.024570825,-101.5365412872702,-1.610471485604935,-2.030474322479249,0.0,10000,0.8930854797363281,0.998679344677093,0.19362944316708874,-98.81413920762729,0.0
1,21.051536083221436,-100.24878550911257,5.036928920033685,-88.53227594828758,-121.92966006693564,0.0,3.0078455423127175,0.05,0.008891582489013672,0.24190568923950195,0.02416983,0.01693121,-101.40776570945444,-1.6153197625250084,-2.0048088993871938,0.0,10000,0.878108024597168,0.19469121971627154,0.13250188423345607,-99.90365659462141,0.0
2,21.075074911117554,-100.96285172576815,4.851435387162376,-90.0043365696016,-123.47446220586993,0.0,2.4022788994133224,0.05,0.009136438369750977,0.2286069393157959,0.024553865,0.021273052,-101.3632743110858,-1.6102344001328612,-2.0190180869333285,0.0,10000,0.8853509426116943,0.1317890665327185,0.09421208885000605,-100.68339683785854,0.0
3,21.543203353881836,-101.00192537625833,4.667637894312737,-91.44251854806225,-119.59734100891393,0.0,2.595345892518658,0.05,0.009496212005615234,0.23802995681762695,0.025092488,0.020146023,-101.32713941760305,-1.6011718822512324,-2.0198627986390147,0.0,10000,0.8813788890838623,0.08224294084457673,0.0612227754737627,-101.43546036616507,0.0
4,21.20667576789856,-100.73594683046919,4.103156910638862,-90.00776322615494,-115.02696844991675,0.0,2.168207580069603,0.05,0.009528875350952148,0.22779488563537598,0.025976675,0.02250827,-101.26802015888967,-1.5863984764065782,-2.0145526254235393,0.0,10000,1.149080514907837,0.06932289089819975,0.03955669576823879,-102.12369268820197,0.0
5,21.096603631973267,-100.91226386466634,4.762842403360452,-91.99791245008957,-117.06163895392086,0.0,2.104699399870544,0.05,0.00938725471496582,0.2561464309692383,0.0264853,0.02372364,-101.23244452946733,-1.5870584416122608,-2.0180874928383385,0.0,10000,1.4191644191741943,0.04218070620637138,0.013844978409695504,-97.12118727533846,0.0
6,21.63359236717224,-99.78411291304606,4.188896470500089,-92.88356409030817,-112.1745385357875,0.0,1.938807770460046,0.05,0.009592533111572266,0.2698400020599365,0.02633338,0.026055392,-101.0876113678252,-1.5809782609135243,-1.9954669698313188,0.0,10000,1.4813532829284668,0.015239084765752264,0.0031326651859568057,-95.48089375003187,0.0
7,21.66118311882019,-98.22333558437326,4.431554609130897,-92.0643419771732,-118.17901836173,0.0,1.3836986041974666,0.05,0.009384632110595703,0.24588727951049805,0.024690017,0.035316367,-100.80118378948,-1.5853316109562121,-1.964335760314361,0.0,10000,1.468505859375,0.0035194701277002686,0.0022692696336213355,-95.98539153011454,0.0
8,22.049232959747314,-95.36176348951223,2.409253076142334,-91.07323332993654,-108.30693433958592,0.0,1.3710437688764512,0.05,0.009474992752075195,0.24548578262329102,0.024890535,0.035719994,-100.25724175948324,-1.5813064155470389,-1.9071789319378232,0.0,10000,1.4849364757537842,0.0013045399461864278,0.0007473995880740143,-94.05645187024108,0.0
9,21.93565797805786,-93.67458155340769,1.5573898081512663,-89.99476508314196,-99.79676670266882,0.0,1.3509444422146344,0.05,0.009946584701538086,0.2648046016693115,0.025161669,0.03777101,-99.59897573887568,-1.577494656726226,-1.873467712911015,0.0,10000,1.4767358303070068,0.0007127157640245593,0.0003791353612279559,-93.72737334419637,0.0
10,21.379202842712402,-92.28405750280479,1.4705355248507286,-89.08932056813013,-97.52090650648186,0.0,1.4950304724931553,0.05,0.009220361709594727,0.20507001876831055,0.024343869,0.03369148,-98.8674839152686,-1.5776087299925394,-1.8457139621076646,0.0,10000,1.446667194366455,0.000545273506473718,0.0003089072345886199,-93.37267760010006,0.0
11,21.292566299438477,-91.6551074360645,5.230470762075587,-88.45992101385183,-154.44167835630466,0.0,1.9225979857408302,0.05,0.00888824462890625,0.2021338939666748,0.026435101,0.023583619,-98.14624626734819,-1.5891052897742373,-1.8331611647624504,0.0,10000,1.4456124305725098,0.004377272769639874,0.0025743020284287503,-92.94452521166004,0.0
12,21.244471788406372,-90.79072214272311,1.245729946037317,-88.45127068534362,-95.25509179216158,0.0,1.7336599380109694,0.05,0.008953094482421875,0.20338845252990723,0.02450085,0.028326023,-97.4106938548857,-1.5771701359208847,-1.815906553450036,0.0,10000,1.4511001110076904,0.0005195531875626859,0.0003071227590654474,-91.96933177312508,0.0
13,21.0721492767334,-90.22676555953657,1.3164217072141255,-88.01775846294137,-95.25819728784552,0.0,1.6438688787325484,0.05,0.009199857711791992,0.23369383811950684,0.024162296,0.029634213,-96.69230102535077,-1.577675863129739,-1.8046392429351554,0.0,10000,1.4631857872009277,0.0004163627345972995,0.00026782571111789994,-91.09533261834912,0.0
14,21.585007190704346,-89.35145576906592,1.090938289040323,-87.5897770612601,-95.92217914637803,0.0,1.2910476496164078,0.05,0.009460687637329102,0.22110390663146973,0.027349079,0.039073836,-95.95821649972228,-1.5773843277226933,-1.7871622332281,0.0,10000,1.428175449371338,0.00030834355969159676,0.00020418570648369786,-89.82599451380943,0.0
15,21.57260799407959,-88.66951177282264,0.9125646757072037,-87.24631229457162,-97.3372533993949,0.0,1.5484679704407263,0.05,0.00952005386352539,0.24908089637756348,0.027416201,0.031845126,-95.22934602703232,-1.5779736176543309,-1.7734852267020786,0.0,10000,1.4419946670532227,0.00020320565918227973,0.00015554278931246605,-89.1837504306661,0.0
16,21.153488874435425,-88.22750060134092,0.5228714798103336,-87.1996444510548,-90.53985339728577,0.0,1.8257242520000525,0.05,0.009545087814331055,0.23908138275146484,0.026660962,0.028146485,-94.52916148446319,-1.5769261819128588,-1.7646856988176598,0.0,10000,1.45111083984375,9.36732330411697e-05,0.00010634723146318197,-88.98160120466677,0.0
17,20.91802716255188,-87.81393869288712,0.42952505350115305,-86.83573546570301,-89.42555133467859,0.0,1.8711671085131176,0.05,0.009119987487792969,0.2355334758758545,0.025580715,0.027074225,-93.85763920530557,-1.576950321668767,-1.7564093757933323,0.0,10000,1.4548659324645996,0.00015181043099380716,6.617402242703582e-05,-88.59867169086196,0.0
18,21.31914496421814,-87.61280974212396,0.575424365654099,-86.61540134101189,-93.03502368877136,0.0,2.153290556699193,0.05,0.009585857391357422,0.2516922950744629,0.027339233,0.023016352,-93.23315625898742,-1.577819423444664,-1.7524114819043104,0.0,10000,1.4848413467407227,8.289208236333765e-05,8.011955046697513e-05,-88.49802550435494,0.0
19,21.213655710220337,-87.3126106645287,0.3858302045373096,-86.04667356838122,-88.79485624224102,0.0,1.9464428658487758,0.05,0.009311199188232422,0.23287010192871094,0.027575403,0.025969839,-92.64110169954155,-1.5769799809906306,-1.746410192330618,0.0,10000,1.5021400451660156,5.6741772111120236e-05,5.691808332499672e-05,-87.57055587676295,0.0
20,21.28451371192932,-87.06820034817112,0.39112334439317986,-85.5995740736812,-88.15687524195539,0.0,1.7608388062908378,0.05,0.009695291519165039,0.2303483486175537,0.026789902,0.029077364,-92.08381156440451,-1.5769072592868572,-1.741540680801076,0.0,10000,1.4951965808868408,7.211992466632915e-05,4.986549967453855e-05,-87.04851057818779,0.0
21,21.480428218841553,-86.83463011713923,0.39403732899245164,-85.20438918747271,-88.08720647790912,0.0,1.779504764398573,0.05,0.00922846794128418,0.26519012451171875,0.025089888,0.028858654,-91.55889341967799,-1.5769576226970197,-1.7368718235554814,0.0,10000,1.4728405475616455,6.15332994513136e-05,5.09115364594031e-05,-86.7939640774723,0.0
22,21.175551891326904,-86.49308776942718,0.5215499614973199,-84.30865053966808,-87.63915144361876,0.0,1.7756751730183074,0.05,0.009447813034057617,0.26111602783203125,0.025330763,0.02848915,-91.05231285465291,-1.5769072592868572,-1.7300547768143237,0.0,10000,1.4487833976745605,9.943560044072089e-05,6.602023433461995e-05,-86.71239594982842,0.0
23,22.270416736602783,-86.06223791613822,0.7654223555125585,-83.98902615290689,-90.00096576788268,0.0,1.7088207379598315,0.05,0.010268688201904297,0.25806593894958496,0.02413487,0.029054651,-90.55330536080143,-1.578356474744368,-1.7214295599854283,0.0,10000,1.4558067321777344,0.00018536348985572645,0.00017042942603999223,-85.03936685717774,0.0
24,21.728450536727905,-85.68079741534541,1.2327758915294091,-83.69576947315012,-98.40331308917219,0.0,2.8194300325523765,0.05,0.012465953826904297,0.28298091888427734,0.025887769,0.017463963,-90.06605456625584,-1.5829957463317925,-1.7138292288688786,0.0,10000,1.513554573059082,0.0005039442168904069,0.000699943803212378,-84.97734595196013,0.0
25,21.620636701583862,-85.55880489350919,1.3053376550629974,-82.89174592333002,-93.19101912813201,0.0,2.599348008538444,0.05,0.00939631462097168,0.2449052333831787,0.025345989,0.017536659,-89.61532959898119,-1.5868669008314504,-1.7114074701173658,0.0,10000,1.4753096103668213,0.0007416629595689372,0.0004891448929955077,-86.07464117054843,0.0
26,21.772048234939575,-85.3704748864863,0.9774648536235463,-82.9014088390491,-89.78455875243058,0.0,2.360724573160732,0.05,0.009032487869262695,0.2435927391052246,0.027375124,0.02197147,-89.1908441277317,-1.5834321211240285,-1.707609659773547,0.0,10000,1.4625835418701172,0.0003166521414536241,0.00028147038246794076,-86.71513671797547,0.0
27,22.09216022491455,-85.21172617765114,1.4111249143537568,-82.40218333686384,-94.38091760938329,0.0,2.264679623789668,0.05,0.008952617645263672,0.2232654094696045,0.027071027,0.0205721,-88.79293233272364,-1.5848892676279285,-1.7044017585753415,0.0,10000,1.4727232456207275,0.000590516091651381,0.0005626456587375483,-84.30171593315217,0.0
28,21.78173327445984,-84.85988892332554,0.8570818635962749,-82.10985062732381,-88.8320414873455,0.0,2.256057395602769,0.05,0.009130477905273438,0.2392733097076416,0.02599831,0.023960521,-88.39962799178383,-1.5821221523272513,-1.697437108585749,0.0,10000,1.4464147090911865,0.0002572283225720975,0.0002301714902330895,-84.38283334194894,0.0
29,23.273881435394287,-84.72029455182057,0.8360592341640141,-82.8102735326866,-88.7685397577058,0.0,2.1991723430804995,0.05,0.008785486221313477,0.24953269958496094,0.02607739,0.022107478,-88.0316946477875,-1.5812826512454132,-1.6946224155605685,0.0,10000,1.4002830982208252,0.00021000963007169449,0.00020000174386125896,-84.57260828416847,0.0
30,21.874621629714966,-84.76486244172565,1.604888504060822,-82.24302945915332,-94.57264690731178,0.0,2.517067479474776,0.05,0.009359598159790039,0.24716496467590332,0.026806379,0.019830903,-87.70501142718132,-1.587735892315435,-1.695514990195465,0.0,10000,1.4205164909362793,0.0007327894568297815,0.0007194651132824237,-84.92637988511892,0.0
31,21.640491724014282,-84.45459799002862,1.055285235135787,-79.39798805306427,-90.5502692471913,0.0,2.5208315290821908,0.05,0.009408950805664062,0.25984740257263184,0.026754696,0.019565528,-87.37997008346605,-1.581502910264301,-1.6892855874630077,0.0,10000,1.4793095588684082,0.00034768540116332633,0.00033181105409759023,-83.54638682417568,0.0
32,21.70779585838318,-84.23996832847814,0.7228620335952589,-81.4314819650827,-88.6349611152574,0.0,2.194691537482099,0.05,0.008857250213623047,0.2346198558807373,0.0276214,0.021881618,-87.06596990796727,-1.5786347932035754,-1.6850538236577548,0.0,10000,1.4489331245422363,0.0001655463089894307,0.0001454363987709995,-88.17571977170024,0.0
33,22.027438640594482,-83.85430104222392,1.7315490520850316,-62.042510730399826,-88.22629957779648,0.0,2.9354581407275155,0.05,0.009160041809082031,0.2581217288970947,0.025941232,0.01820258,-86.74480302139294,-1.5772272207786233,-1.6773874213694702,0.0,10000,1.4979872703552246,0.0008820259763542767,0.0007914619956201554,-87.30806573990812,0.0
34,22.08060073852539,-83.93830584011846,1.016946056773405,-80.69484587227458,-90.44618619404736,0.0,2.4095485563257886,0.05,0.009321928024291992,0.22583937644958496,0.024334503,0.020688249,-86.4641533032655,-1.5795280162571206,-1.6790002230385124,0.0,10000,1.4790260791778564,0.000366263708264982,0.0003033234177973466,-86.30466467941451,0.0
35,22.183566570281982,-84.08073061603798,1.4930827245461666,-79.3138210299672,-94.55057861790621,0.0,2.546098281225152,0.05,0.00896453857421875,0.2497847080230713,0.026509281,0.019849975,-86.22581103454276,-1.583768652296904,-1.6819528053827595,0.0,10000,1.4593489170074463,0.00066635213806663,0.0006520453947258887,-88.03092494740369,0.0
36,22.42745542526245,-83.71951038277281,1.5450092031496436,-75.28697733710285,-87.27252710416809,0.0,2.9189538831448334,0.05,0.00887918472290039,0.2303929328918457,0.025402809,0.01698639,-85.97518096936577,-1.5771409625140063,-1.6747691741008253,0.0,10000,1.465735912322998,0.0007978054949015815,0.0008748850889314619,-85.93442169780549,0.0
37,21.873169898986816,-83.38885914625469,1.5647432425791226,-69.40269759707222,-86.92297028228253,0.0,2.8126408640242424,0.05,0.009300947189331055,0.23998594284057617,0.025822794,0.018492147,-85.71654878705466,-1.5712695868469568,-1.6682577923771646,0.0,10000,1.4601352214813232,0.0008485605583028713,0.0007770685032959135,-84.82432761730477,0.0
38,21.925363063812256,-83.2543084007507,2.1042297336215845,-67.97807216736089,-88.54945081202003,0.0,3.1659510309343792,0.05,0.008738994598388672,0.22335433959960938,0.026583994,0.015923295,-85.47032474842428,-1.5699622093392838,-1.6654183525967736,0.0,10000,1.4351119995117188,0.001338490875074806,0.0014184376402626622,-83.52540578177236,0.0
39,22.506240129470825,-83.48178704192854,1.9244815040007142,-71.32201565696893,-94.99558229494986,0.0,2.9526916247630783,0.05,0.00888681411743164,0.2265639305114746,0.024716819,0.015862381,-85.2714709777747,-1.5763391410704077,-1.670012121754242,0.0,10000,1.3967094421386719,0.0012006620564024102,0.0011384060634536167,-83.77231940576269,0.0
40,22.71523118019104,-82.97562728494958,2.4250860827476304,-69.49514947047574,-89.13897987406794,0.0,2.5607213203755945,0.05,0.009473085403442383,0.25977182388305664,0.025235247,0.019795066,-85.04188660849218,-1.5685015659364163,-1.6597938927357818,0.0,10000,1.4413442611694336,0.0018036422339342024,0.0017741680024803007,-82.23806736419661,0.0
41,23.071892738342285,-82.58803908416067,2.5605956646487265,-67.07798883010939,-92.36082718092814,0.0,2.7754099882114267,0.05,0.008948564529418945,0.22733354568481445,0.025724268,0.0179739,-84.79650185605904,-1.563263378241685,-1.6522192063972825,0.0,10000,1.4552736282348633,0.0020589873920128913,0.002009499399391567,-83.45757279993794,0.0
42,22.39396572113037,-82.41493895908474,2.976047406842744,-64.19913308174226,-88.88023716433834,0.0,2.949239328637304,0.05,0.010275125503540039,0.2578308582305908,0.025504963,0.018200299,-84.55834556636161,-1.5616211673447906,-1.6486737457600602,0.0,10000,1.488318681716919,0.002778884999033518,0.0028444544394450135,-82.97091450296183,0.0
43,22.482454776763916,-82.5500853742631,3.1104314037735694,-63.469067227081815,-96.6956277943695,0.0,2.901496584101609,0.05,0.00903773307800293,0.25382494926452637,0.0242551,0.01727487,-84.35751954715175,-1.5631478520533937,-1.6514678023586657,0.0,10000,1.4696018695831299,0.003203097725831577,0.003101755843734369,-83.30984894697818,0.0
44,22.49514102935791,-82.42790491586968,2.9307682859759434,-59.18613409100626,-93.75737274543147,0.0,2.6754553297720243,0.05,0.00903010368347168,0.2247178554534912,0.024863716,0.018616205,-84.16455808402355,-1.559759789863246,-1.64894653414821,0.0,10000,1.4413483142852783,0.0027434107728745486,0.002563734853855508,-82.84806690737607,0.0
45,22.900007009506226,-81.65038877028444,3.9909568916706193,-57.93537469354742,-87.71384885638098,0.0,2.766751787207897,0.05,0.009069204330444336,0.252671480178833,0.02619165,0.017834887,-83.91314115264964,-1.5499904879854443,-1.6334910459988317,0.0,10000,1.4544119834899902,0.004922662851589521,0.005030053899986468,-82.88401897129964,0.0
46,22.587610244750977,-81.47917287005981,3.763790053553058,-61.807894608442446,-88.53321774740604,0.0,2.4457691260007675,0.05,0.009019613265991211,0.22817301750183105,0.02504725,0.022363625,-83.66974432439066,-1.5467032960561564,-1.629967514917027,0.0,10000,1.428096055984497,0.004822705315345815,0.004536767770340516,-85.03264096191091,0.0
47,22.690467357635498,-81.33603808421901,4.058543631048384,-60.8201162186712,-93.02140932839276,0.0,3.0658547637233577,0.05,0.012188196182250977,0.2859976291656494,0.025648749,0.016579598,-83.4363737003735,-1.5451502010129408,-1.6271527343985652,0.0,10000,1.3964993953704834,0.005168161959014756,0.005354926777938435,-82.87952378013156,0.0
48,22.54520273208618,-81.35881055458619,4.032746007619034,-62.04293527966567,-93.6331175643523,0.0,2.793871175759906,0.05,0.009507417678833008,0.23121333122253418,0.025056276,0.018920472,-83.22861738579476,-1.5437972009762233,-1.6276701012493484,0.0,10000,1.4489109516143799,0.005370008723363084,0.005614679308012092,-76.07908504164247,0.0
49,22.71955895423889,-80.98024943979772,4.289104098219958,-61.72431187338776,-91.29887990312879,0.0,2.699471737351326,0.05,0.009174108505249023,0.21574687957763672,0.025391083,0.018868212,-83.00378059119505,-1.5380299724498334,-1.6200138675911475,0.0,10000,1.3780231475830078,0.006788475409215546,0.006408710778252552,-80.0253430084609,0.0
50,22.66347050666809,-80.06542331923433,5.333456333488229,-59.21110255742663,-89.34341751763684,0.0,2.740369432214245,0.05,0.008817434310913086,0.21642184257507324,0.025502272,0.018572092,-82.70994486399897,-1.5275606631503102,-1.60200899072354,0.0,10000,1.3532705307006836,0.009095124873577325,0.009260813032626707,-83.30647369283243,0.0
51,22.52456521987915,-79.43039316330623,4.906837767797361,-62.29380226044225,-90.67732536141807,0.0,2.545713073699885,0.05,0.008843660354614258,0.23989653587341309,0.02550805,0.019449791,-82.3819896939297,-1.5167440869406692,-1.5895443739591806,0.0,10000,1.3524129390716553,0.008313378931493766,0.008245657692451018,-82.9102170657795,0.0
52,22.241150379180908,-79.49607392296326,4.999132386090317,-60.37724926369335,-91.94150808407144,0.0,2.6626300112434174,0.05,0.009260416030883789,0.2554285526275635,0.024306912,0.01844355,-82.09339811683306,-1.5168053548213143,-1.590454155969117,0.0,10000,1.395660400390625,0.008605114631320484,0.008333328044340392,-82.753660425471,0.0
53,22.25740385055542,-78.43265991741117,6.478424793403753,-44.07789264755769,-90.97209241715578,0.0,2.8186932971147174,0.05,0.00921177864074707,0.25493669509887695,0.024452558,0.016544517,-81.72732429689087,-1.5024526030464802,-1.5693739717098643,0.0,10000,1.4093928337097168,0.014831640582776614,0.01441787243235373,-80.56864188447153,0.0
54,22.87293004989624,-78.05270235423588,6.87899313126866,-49.098229054543815,-87.36067660737635,0.5,2.749915265814883,0.05,0.009739398956298828,0.2348034381866455,0.024437396,0.017521443,-81.35986210262537,-1.4992419790620588,-1.561732330485386,0.5,10000,1.4401862621307373,0.015722173451418773,0.015193499851948183,-79.95645770904626,0.0
55,22.18299961090088,-77.18303363317902,7.244051125141105,-45.28838145097385,-87.81832586482378,0.5,3.0906848586353766,0.05,0.00919961929321289,0.22694730758666992,0.0253943,0.017079927,-80.94217925568074,-1.4886606135606268,-1.5442654146601624,0.5,10000,1.4475173950195312,0.018823997462785524,0.018454501807909623,-81.9782854560214,0.0
56,22.49544930458069,-75.97840178984255,7.460959013896579,-45.83209394435379,-88.97279814958111,0.0,3.129536482181029,0.05,0.008866548538208008,0.24922680854797363,0.023214217,0.014161762,-80.44580150909692,-1.47563563721937,-1.5201816154390588,0.0,10000,1.462177038192749,0.019518512341848166,0.01937635051664627,-81.86009230779118,0.0
57,22.496429920196533,-75.668897420426,8.054263482588922,-39.43922702338487,-86.20632858729961,1.5,2.3627315686679653,0.05,0.008716106414794922,0.23220252990722656,0.025211602,0.020304073,-79.96811110022983,-1.4702702394406244,-1.5143885849566885,1.5,10000,1.400902509689331,0.024201715354118428,0.024299495114668095,-80.20090091167272,0.0
58,22.267750024795532,-74.15849712539952,8.43924327865494,-46.40497506871744,-89.59768576092625,2.5,2.3888296171117864,0.05,0.008875608444213867,0.2235276699066162,0.025640415,0.02087032,-79.38714970274681,-1.4527026419430025,-1.4837044576907075,2.5,10000,1.4136946201324463,0.030352186632660694,0.027396776729548666,-70.01914621484025,0.0
59,22.202057123184204,-71.09727086343636,11.05894495783757,-34.50533386565675,-85.7452044132929,5.5,2.71614375575148,0.05,0.009095430374145508,0.24854683876037598,0.025088957,0.017483395,-78.55816181881578,-1.4173839989304946,-1.4231963912657877,5.5,10000,1.4012882709503174,0.05407118172517033,0.05066063317129076,-59.73072287009999,0.0
60,22.313122034072876,-70.04466295898729,10.677450825757658,-41.174385934265196,-87.11820940419351,4.0,2.8732752063965297,0.05,0.009165763854980469,0.23029637336730957,0.025388975,0.018053759,-77.70681193283292,-1.403689401155082,-1.4018086362076578,4.0,10000,1.4166781902313232,0.05123773969616748,0.049276656589560965,-56.54506910934007,0.0
61,22.677632570266724,-69.18851309024498,10.898677748625856,-37.33982934550544,-87.78441846962922,4.5,2.961522148951842,0.05,0.009669065475463867,0.24583745002746582,0.024596492,0.01589399,-76.85498204857413,-1.3909535415169754,-1.3850683899263458,4.5,10000,1.4107246398925781,0.05303198422477159,0.054162955212026284,-55.67944186864668,0.0
62,22.399112224578857,-69.04018534777833,11.638036560652102,-32.79761080401524,-87.78250376520397,5.5,2.889543125115305,0.05,0.009199857711791992,0.27547502517700195,0.024575824,0.016848037,-76.07350237849455,-1.3919024772922983,-1.3822192714209252,5.5,10000,1.3851852416992188,0.060369799974712895,0.059290707554168175,-54.14895900537202,0.0
63,22.371805906295776,-66.17026899617676,12.172804551231113,-33.86559433581135,-90.68547575240785,6.5,2.7433489159349684,0.05,0.008908271789550781,0.2344517707824707,0.025131522,0.017435199,-75.08317904026276,-1.3521089189040634,-1.3247651920902939,6.5,10000,1.361483097076416,0.08068832773920523,0.07251810504945147,-46.63053849523155,0.0
64,22.531578063964844,-64.24399581593254,12.881191669763927,-32.784743829724626,-86.75041659592648,13.5,2.5657393212611788,0.05,0.009070396423339844,0.23198366165161133,0.025741277,0.019463439,-73.99926071782974,-1.333001195415456,-1.2865004775888524,13.5,10000,1.378533124923706,0.09404803748371703,0.08576568463309092,-59.889675604571025,0.0
65,22.462700605392456,-62.019492340249435,13.417741856931704,-33.15147600575675,-86.67509669063679,15.0,2.7960481529144947,0.05,0.009333610534667969,0.23370361328125,0.025430817,0.017612398,-72.80128388007171,-1.3009183894402645,-1.2419259608401279,15.0,10000,1.3908584117889404,0.10429428458316872,0.10131959757405232,-57.22839629975685,0.0
66,22.688576698303223,-61.679960955035746,12.92472173601309,-32.461995160087575,-90.32403435568477,13.5,3.270342054630976,0.05,0.009649515151977539,0.27024149894714355,0.025213491,0.014740224,-71.68915158756812,-1.2981609414147375,-1.2355937822818575,13.5,10000,1.385133981704712,0.09443445511352695,0.09356571519567855,-64.38769532599869,0.0
67,22.674010276794434,-61.058407163409775,12.201697060673165,-36.44439053965462,-85.194202255217,12.5,3.4113215947207935,0.05,0.009599924087524414,0.2596421241760254,0.027122924,0.014802365,-70.6260771451523,-1.2868376527529404,-1.2229155442220945,12.5,10000,1.4092998504638672,0.09085387256939592,0.08984585445911161,-57.67127168301878,0.0
68,22.232023239135742,-58.021072682252125,13.216750525614525,-32.00053956409854,-88.25162146259585,21.5,2.593157948242822,0.05,0.009318113327026367,0.23204684257507324,0.024284597,0.01702718,-69.36557669886227,-1.2483832207760488,-1.1625462373001796,21.5,10000,1.3822410106658936,0.11989328592721323,0.113875516527873,-58.3572524562133,0.0
69,22.70952558517456,-59.240586377532146,14.803157161862975,-31.559376329607687,-89.39753097553883,23.5,2.7745070908526674,0.05,0.009249687194824219,0.27469635009765625,0.025604075,0.017592521,-68.35307766672926,-1.2668031341887667,-1.1864080417246636,23.5,10000,1.4149351119995117,0.1330395360518284,0.12969746235984167,-60.80200431930116,0.0
70,22.534047842025757,-55.912534989920424,13.380932528500125,-32.300555084096,-89.0980976771731,24.5,2.9672914681010254,0.05,0.009080648422241211,0.2322847843170166,0.025583146,0.015851526,-67.10902339904838,-1.2257018603049397,-1.1206310215182194,24.5,10000,1.4320948123931885,0.1311493513170098,0.1241234825179358,-56.47895034530889,0.0
71,22.677473783493042,-55.27537901260896,13.683471622984717,-30.989790714702387,-86.74252031499786,24.5,3.004275180276157,0.05,0.009561538696289062,0.23572039604187012,0.024979992,0.015968714,-65.92565896040445,-1.2188139606276593,-1.107892479378182,24.5,10000,1.4412550926208496,0.1406888621355096,0.13815949046615775,-50.71971549858215,10.0
72,22.333770751953125,-54.77982013394839,13.45513375809487,-29.951097729306454,-88.14556539582179,33.0,3.1674399645706,0.05,0.008826017379760742,0.2360844612121582,0.024313973,0.015660195,-64.81107507775884,-1.2103150425217182,-1.0970344859937664,33.0,10000,1.4391801357269287,0.135701785138775,0.13423884700010733,-58.59229227719108,0.0
73,22.623414993286133,-52.20723736611557,11.62462631730431,-32.173185083210306,-85.24435647187697,35.0,3.2944019026701348,0.05,0.009552001953125,0.24022221565246582,0.025157925,0.014986912,-63.550691306594516,-1.1810269800457993,-1.0463143621683724,35.0,10000,1.49873685836792,0.1236382526561944,0.124290417974997,-55.441007715958484,0.0
74,22.546324253082275,-52.07980813030678,12.499921142182881,-29.68333769406895,-87.56338715952782,39.0,2.807593417679185,0.05,0.009276390075683594,0.24678468704223633,0.024379235,0.017053524,-62.403602988965744,-1.181227590780274,-1.0433295147260508,39.0,10000,1.4129729270935059,0.14118478621586464,0.13567543141326938,-53.247283863622194,10.0
75,22.609630346298218,-53.426063412832846,12.835210261088188,-31.063888387076197,-86.22393163613603,38.0,2.714843388323036,0.05,0.008893728256225586,0.2553436756134033,0.025204685,0.017519046,-61.505849031352454,-1.198080036427472,-1.0709409801456067,38.0,10000,1.341254472732544,0.132551467112071,0.1310036149305443,-56.66651424854017,0.0
76,22.525646924972534,-49.622934802263515,11.811547069299978,-28.603386819686218,-86.27376129381791,47.5,2.9561471709367844,0.05,0.00887608528137207,0.22937917709350586,0.025902845,0.016838953,-60.31755760844356,-1.1521571101803358,-0.9942775629563281,47.5,10000,1.3251368999481201,0.1535903452239729,0.14134988226483133,-58.482422388199964,10.0
77,22.137945652008057,-50.63795824132473,13.413935746944034,-30.625234566005616,-88.0021329402265,40.0,3.050445367616804,0.05,0.009085655212402344,0.22708725929260254,0.025754355,0.016268048,-59.34959767173167,-1.1638950485226374,-1.0149353575617688,40.0,10000,1.394317865371704,0.16407397804387844,0.160668177745455,-55.66369669332763,30.0
78,22.381168127059937,-49.49569063218858,12.935527931317674,-27.38416626843481,-85.673241842277,50.0,3.0198015442655044,0.05,0.009562253952026367,0.23560667037963867,0.024960369,0.017428441,-58.36420696777736,-1.1503566940433592,-0.9924688386421934,50.0,10000,1.4331350326538086,0.15634244319296137,0.1541023481375845,-55.5070719228935,10.0
79,22.38924241065979,-50.22369480483494,12.50513055577128,-31.220229116944747,-89.27912925844743,43.5,2.686451295426739,0.05,0.008923768997192383,0.21184182167053223,0.023810808,0.016305653,-57.55015575148312,-1.1570681853775,-1.006761667427886,43.5,10000,1.4109392166137695,0.14445595376589732,0.1440225384998049,-47.09819550290999,40.0
80,22.14194416999817,-49.19732789210556,12.918541990847647,-30.350696780191562,-88.38062289099354,50.5,2.6071185752651505,0.05,0.009277582168579102,0.24893593788146973,0.025634961,0.018510548,-56.71487296554536,-1.1441332388488716,-0.9864618553724225,50.5,10000,1.413468837738037,0.16679428614159633,0.15970407006840273,-45.598647200078446,70.0
81,22.24446439743042,-48.803710887167554,11.117657823880469,-30.11024366073096,-83.69400230950578,45.0,3.179793240779402,0.05,0.009697437286376953,0.2318248748779297,0.025547555,0.015833898,-55.92375675770758,-1.135333465032345,-0.9782832648732145,45.0,10000,1.3565647602081299,0.13457533978228256,0.130284523823838,-42.74771233386383,80.0
82,22.469578742980957,-48.446396607884616,12.877821043192272,-28.040499388128538,-90.16949559908252,47.0,2.988430431228329,0.05,0.008752822875976562,0.22222495079040527,0.025928054,0.015740823,-55.176020742725285,-1.1344634415746249,-0.9710982506560163,47.0,10000,1.356586217880249,0.15994167322645056,0.15668882272044268,-45.401314527286885,70.0
83,22.806621551513672,-46.896891635323435,11.413658127977325,-29.240414398656025,-85.74214941584059,58.0,3.2984090657446123,0.05,0.009101152420043945,0.242706298828125,0.025675623,0.014476735,-54.348107831985104,-1.1174894622704221,-0.9405296065698817,58.0,10000,1.3593878746032715,0.15071433634641282,0.14717343717262263,-50.550333815174525,50.0
84,22.141958236694336,-47.05330454405428,11.850032706858764,-28.51826012495793,-83.8988597832736,56.5,3.279469919453089,0.05,0.009085655212402344,0.23718810081481934,0.025097432,0.013940083,-53.61862750319202,-1.117997356186254,-0.9432177604620345,56.5,10000,1.3465280532836914,0.15804577815999651,0.15496654946624513,-40.446548827631986,80.0
85,22.313286781311035,-45.30758040377753,11.579699256817225,-27.899040182531536,-85.5632955975756,61.5,3.1143710776021165,0.05,0.009689807891845703,0.2649838924407959,0.025098007,0.015233369,-52.787522793250574,-1.0973406611979941,-0.9086228147271399,61.5,10000,1.329361915588379,0.16279393157302818,0.15508456677056445,-46.89344794129066,50.0
86,22.06616497039795,-45.76596550494533,11.184237347159362,-24.9991801267704,-83.83308042208228,60.5,3.0781517191295826,0.05,0.009041309356689453,0.20986056327819824,0.024363168,0.014017035,-52.085367064420055,-1.1027717093758107,-0.9178083623711893,60.5,10000,1.352853536605835,0.14707164262756323,0.14879496608599138,-48.1233482852762,60.0
87,22.363598585128784,-45.35850168893225,10.953267950459843,-28.97288591853765,-84.2718494540231,55.5,2.385220309179053,0.05,0.009455204010009766,0.2127847671508789,0.025260152,0.019452482,-51.41268052687128,-1.0997427189339015,-0.9098280687561087,55.5,10000,1.4257984161376953,0.14728041569867606,0.14350041425798277,-45.89093919072758,50.0
88,22.17425775527954,-46.36583137572546,13.369736830730249,-28.157013468712837,-87.97236472643932,53.0,3.212240283936609,0.05,0.009235382080078125,0.27262020111083984,0.023847802,0.013391334,-50.9079956117567,-1.1107320946679708,-0.9294879330135142,53.0,10000,1.4286437034606934,0.1850569008123389,0.18306879149262215,-37.76081970000065,90.0
89,22.2644305229187,-45.14067520581892,11.430552867043755,-28.98327853285807,-83.93712327520245,55.5,2.6161330003430625,0.05,0.009340524673461914,0.2558116912841797,0.024133943,0.017830534,-50.331263571162914,-1.0971675642591618,-0.9053252352997344,55.5,10000,1.4481077194213867,0.16038041452016402,0.14835603525695853,-46.310330286372114,30.0
90,22.144264698028564,-45.40133046844881,13.087060276805524,-28.04076175464792,-86.31337475353261,51.0,2.703461234522051,0.05,0.01685309410095215,0.22417092323303223,0.024192523,0.017901924,-49.838270260891505,-1.0983561264348696,-0.9103690297192386,51.0,10000,1.3957664966583252,0.18653215951124577,0.1814238710627104,-50.80949776736927,10.0
91,22.27376079559326,-45.81136370827136,12.954787057950785,-29.550361864103692,-91.5943502165331,57.5,3.2854179479552106,0.05,0.009034872055053711,0.23432230949401855,0.025029857,0.0149358725,-49.43557960562949,-1.1042616866600463,-0.9180841878307241,57.5,10000,1.4105312824249268,0.17199381935582922,0.16937932303630307,-49.118262413526054,30.0
92,22.12995219230652,-45.8537274327536,12.752206518954216,-29.20571796175095,-85.84123222498378,51.5,2.865211516917133,0.05,0.009675264358520508,0.2204134464263916,0.02489115,0.01549437,-49.0773943883419,-1.1054161049148725,-0.9192295406033892,51.5,10000,1.393085241317749,0.1747733104340856,0.17707364507483037,-49.28899217199945,30.0
93,22.22898769378662,-44.70927927529199,12.032041480756638,-26.259563315257942,-84.51261170900727,61.0,3.2419775488089715,0.05,0.008927345275878906,0.22764134407043457,0.025136732,0.015135717,-48.640582877036906,-1.0906029002305522,-0.8967694520923231,61.0,10000,1.3901164531707764,0.15914973227409043,0.15980637318090468,-41.29425546798996,60.0
94,22.61588168144226,-44.021503796374006,11.003070809476108,-26.91355495014863,-83.69092638277408,60.0,3.384779735516912,0.05,0.011296510696411133,0.2786881923675537,0.024447892,0.014287423,-48.17867496897061,-1.0807321806822685,-0.8830382408677437,60.0,10000,1.4352667331695557,0.1537535809087949,0.14651336680124258,-43.291513911404564,70.0
95,22.431228160858154,-45.8175728323307,11.851268831438988,-27.904290294352737,-81.45889997088786,56.0,3.5281259069571402,0.05,0.009368419647216797,0.2266688346862793,0.024574531,0.014905042,-47.94256475530662,-1.107569901218788,-0.9189645097415422,56.0,10000,1.4196350574493408,0.15737958575811017,0.1507899235917445,-42.26997190357677,70.0
96,22.389334201812744,-45.09355689427617,13.026520112363428,-28.184472541197724,-87.9355506273325,55.0,3.103218566259366,0.05,0.00872492790222168,0.24283075332641602,0.025307823,0.016003145,-47.657663969203576,-1.0969493776017145,-0.9040763689952585,55.0,10000,1.3669605255126953,0.1826352956230575,0.1802536429599654,-54.66329971995998,20.0
97,22.506439447402954,-44.18944340345118,11.102758056779901,-29.025327909524883,-88.24442572525248,62.0,2.834303143848565,0.05,0.008812665939331055,0.2366199493408203,0.025160907,0.016514314,-47.31084191262834,-1.085244143824307,-0.8863848145321012,62.0,10000,1.3746943473815918,0.14619230288693275,0.14466696354992373,-42.120926348779086,60.0
98,22.19990372657776,-44.35273442905158,12.804277636498435,-28.02078251608509,-86.06438433917712,65.0,3.2669853636400026,0.05,0.016023874282836914,0.25187087059020996,0.025504865,0.015048328,-47.01503116427067,-1.089838077997273,-0.8896164795694605,65.0,10000,1.3742916584014893,0.18557754073308871,0.18281718726715476,-34.929559577879566,100.0
99,22.545398235321045,-43.376846095756655,12.159252484069096,-26.66146131137497,-84.28889332421768,61.0,3.347720962795371,0.05,0.008894681930541992,0.2338571548461914,0.023899967,0.014006659,-46.65121265741927,-1.076990688790775,-0.8699336096401695,61.0,10000,1.3722281455993652,0.1687648037370455,0.16967412612345179,-40.0971029932102,90.0
100,22.328328847885132,-44.924750231660184,12.313839725871151,-29.21729088118838,-84.08281501119312,61.0,3.3541845128519667,0.05,0.009531497955322266,0.23647856712341309,0.024349472,0.014440718,-46.478566414843364,-1.0947310358403168,-0.900831820114883,61.0,10000,1.4111592769622803,0.16516905004730792,0.16487137218510914,-42.663665578477854,80.0
101,22.153003692626953,-44.16131086171279,11.76509963497559,-27.2156830795685,-82.72071542848543,67.0,3.43592491747695,0.05,0.008792638778686523,0.23340749740600586,0.024031512,0.013382506,-46.2468408595303,-1.0858645112389667,-0.8858273154451608,67.0,10000,1.3287935256958008,0.1609503525930393,0.15715270616351917,-49.48717916497647,60.0
102,22.64153814315796,-42.46811926830641,9.161673371868014,-29.090924917834798,-78.56584504340377,66.5,2.8844884903343524,0.05,0.009072303771972656,0.27541041374206543,0.023859994,0.016834911,-45.86896870040791,-1.0669473495111792,-0.8517643066587836,66.5,10000,1.3384087085723877,0.11402697910022391,0.108558065926283,-40.09557460713851,90.0
103,22.34549880027771,-42.83682101587625,10.473541845173253,-26.72284602953863,-83.26053981150021,67.0,2.7930826523454604,0.05,0.009702920913696289,0.2394566535949707,0.02454716,0.018020486,-45.565753931954745,-1.0679886461348373,-0.8594016790872897,67.0,10000,1.395904302597046,0.13319387653189968,0.1325496456276732,-37.18196941878263,90.0
104,22.176156282424927,-41.66677740007437,9.821329233233564,-27.60994015455225,-80.0722607859925,67.5,3.736873983504273,0.05,0.00914907455444336,0.2448287010192871,0.025054133,0.013445163,-45.17585627876671,-1.0552910208233748,-0.8359643877520522,67.5,10000,1.384098768234253,0.12472228447848739,0.1261819937529598,-37.61548865295046,100.0
105,22.734267473220825,-42.110595977039424,10.112649715113788,-28.51564684051296,-84.2494295028239,72.0,2.7445079692111563,0.05,0.00989985466003418,0.24269986152648926,0.025068771,0.017353619,-44.86933024859398,-1.062364476662209,-0.8447074431313503,72.0,10000,1.359736680984497,0.14156546465086364,0.14156419372493861,-42.180875393833745,90.0
106,22.241076469421387,-40.97092298377706,8.426522329001358,-27.815802627585523,-76.32528045550764,74.0,3.0177095203693556,0.05,0.008876562118530273,0.23195791244506836,0.024095608,0.015766842,-44.47948952211229,-1.0479788798876084,-0.82186028837902,74.0,10000,1.346604824066162,0.11780098213465343,0.10154694699577248,-35.128721181623234,100.0
107,22.47702932357788,-43.304052684907,11.093654062235943,-28.29346100226682,-89.14342162778455,66.5,2.94470066586672,0.05,0.014303207397460938,0.23804044723510742,0.024059098,0.016646381,-44.36194583839176,-1.0770773333403434,-0.8685941093649282,66.5,10000,1.3465795516967773,0.16198935864687408,0.15378857866883658,-36.36025775387026,100.0
108,22.253822803497314,-42.972045908363505,10.338803923009332,-25.57103163161452,-87.40357514239824,63.0,2.8551833242375166,0.05,0.008981704711914062,0.26836252212524414,0.024952065,0.016200345,-44.22295584538894,-1.0707564196594168,-0.8618763385237185,63.0,10000,1.3555643558502197,0.13531361432756314,0.13247228827486232,-36.20761686851391,100.0
109,22.76807141304016,-42.76270443375541,10.499639112131714,-26.681030448109997,-82.18081393223942,66.5,3.3670725578638763,0.05,0.009659290313720703,0.26572656631469727,0.025166161,0.014965765,-44.07693070422559,-1.0709913026646183,-0.8577701629660689,66.5,10000,1.3705925941467285,0.13880571572158235,0.135817287189525,-36.13193112724706,100.0
110,22.197493314743042,-43.06924007247586,11.49609333060902,-26.49257675596421,-87.18990951727346,65.0,3.4264592153866937,0.05,0.009043216705322266,0.25509095191955566,0.02454706,0.013882828,-43.976161641050616,-1.0738496396948545,-0.864046626520717,65.0,10000,1.3194372653961182,0.15632549977880283,0.15639175387552243,-35.59953350397823,100.0
111,22.64082908630371,-42.418638455379025,11.208608779234211,-24.687944567873505,-83.77883558666628,62.0,3.0151462575323977,0.05,0.010050296783447266,0.26149964332580566,0.02569118,0.014213284,-43.82040932248346,-1.0668183145204146,-0.8510809992791397,62.0,10000,1.3025248050689697,0.14988958632600224,0.1469777359321397,-40.72062254181646,90.0
112,22.581600666046143,-42.3216236437954,8.571235427641469,-28.519722396928323,-79.88862948746957,72.5,3.1696650751763946,0.05,0.00920557975769043,0.23323822021484375,0.024788162,0.015551258,-43.67053075461465,-1.0646445699502056,-0.848967543735786,72.5,10000,1.290452003479004,0.09792241363284027,0.09423376406085072,-40.737965485744596,90.0
113,22.961199522018433,-42.08711243852204,9.338899298785119,-26.002171642170115,-76.8800740153337,69.5,2.820742919078409,0.05,0.00915670394897461,0.26882123947143555,0.025527386,0.017169265,-43.5121889230054,-1.0629663951754753,-0.8441201990123992,69.5,10000,1.3006832599639893,0.10959992139557263,0.11192883012308306,-37.0805880318064,100.0
114,22.196105003356934,-41.60379527297259,9.208673600430066,-26.80653798618425,-79.37183082576333,78.0,2.8735224459468536,0.05,0.00982666015625,0.2605166435241699,0.022572549,0.013987206,-43.32134955800212,-1.0559898722022856,-0.8346199187966584,78.0,10000,1.331397533416748,0.11584843649246304,0.11067958245497708,-40.070166807339874,80.0
115,22.55669379234314,-41.509042766676565,9.110408984051269,-28.171489491092817,-83.03515051961318,74.0,3.6830738676714874,0.05,0.009392499923706055,0.2850356101989746,0.024235703,0.012730693,-43.14011887886956,-1.0524222852740122,-0.832848558182165,74.0,10000,1.3401377201080322,0.10896229167449088,0.1105409974820212,-39.117099355373625,80.0
116,22.07306408882141,-42.45665821010929,9.688425958523355,-27.57780105303445,-75.21516231853644,74.5,3.2622269083037967,0.05,0.010198831558227539,0.2657337188720703,0.024300275,0.013693834,-43.07177281199353,-1.0644876005946113,-0.8518953628642296,74.5,10000,1.3610994815826416,0.1285301190443946,0.12251694628479867,-40.394371137145875,90.0
117,22.540401935577393,-41.73044424473151,10.6364521692371,-25.296242236973242,-91.48453227693439,75.0,3.187520436357631,0.05,0.011889219284057617,0.2552218437194824,0.02493727,0.014087516,-42.93763995526733,-1.0570899268114733,-0.8369372731769353,75.0,10000,1.3471477031707764,0.14889069627010948,0.14598138627002763,-38.714781295410305,90.0
118,22.809492349624634,-42.2362250575603,11.66817474408321,-24.678924693305078,-84.54470313328184,72.5,2.596259830635462,0.05,0.009529590606689453,0.23990845680236816,0.025201237,0.018632751,-42.867498465496624,-1.0603613083235117,-0.8468820381319566,72.5,10000,1.3388707637786865,0.16528967920732157,0.16212464564610243,-49.2058674579733,60.0
119,22.088582515716553,-41.40765589421004,9.304014434656864,-28.00409141867834,-78.2369401974719,76.0,3.925592199980233,0.05,0.00968790054321289,0.26714086532592773,0.024923673,0.0123631945,-42.721514208367964,-1.051282442566831,-0.8308539226936262,76.0,10000,1.3510291576385498,0.11548847816311125,0.1147336088750115,-34.40409434161444,100.0
120,21.99291968345642,-40.64962300153434,8.570293708974951,-26.930812083298484,-73.04779864947405,72.5,2.6182241147128305,0.05,0.010538339614868164,0.25491881370544434,0.02449744,0.01776622,-42.514325087684604,-1.0442948088281838,-0.8157233428200285,72.5,10000,1.3792502880096436,0.1073227589775538,0.1032024462256796,-42.500556755902565,70.0
121,22.632892608642578,-40.479796308974684,9.64866041074372,-26.829349471658542,-83.52400478213673,75.5,3.384269180550508,0.05,0.00914454460144043,0.24658536911010742,0.023682615,0.013831582,-42.31087220981361,-1.0420379564008635,-0.8122387257688635,75.5,10000,1.361443281173706,0.12038358110127172,0.1190688537372009,-36.163655411614144,100.0
122,22.334555864334106,-41.41919708087546,10.411376570449589,-26.339744590714616,-86.5426865275946,75.5,2.9144841173129046,0.05,0.008881092071533203,0.23815655708312988,0.024952207,0.015386143,-42.2217046969198,-1.0542518654736197,-0.8310322389034444,75.5,10000,1.3702876567840576,0.1450066134873505,0.14095753851530587,-37.68253528509933,80.0
123,22.11913537979126,-41.50152375825366,10.220380657496314,-26.781940949198063,-84.36728966140126,77.0,3.278186802444187,0.05,0.00988459587097168,0.250873327255249,0.026660336,0.013399486,-42.14968660305318,-1.0534190443657807,-0.832558641436161,77.0,10000,1.347895860671997,0.1331000338297072,0.13185785699380875,-35.86181548423427,100.0
124,23.948826789855957,-41.39934678170077,9.520729395073975,-27.408642643395513,-87.20190682348517,72.5,3.2882902894762176,0.05,0.00942683219909668,0.25711536407470703,0.024416108,0.0140275685,-42.074652620917945,-1.0513961302640695,-0.8303943933464325,72.5,10000,1.3708553314208984,0.12245231696677893,0.11988080570034627,-33.59589471142556,100.0
125,22.350066423416138,-40.23950618711331,9.663882384837608,-27.44490119921572,-82.69815197908284,78.0,3.5590918210053744,0.05,0.009516477584838867,0.23946595191955566,0.025659226,0.013574918,-41.89113797753748,-1.0394939847596192,-0.8072730619769299,78.0,10000,1.377096176147461,0.1327535267327983,0.1292170244854435,-35.75289411925157,90.0
126,22.097846508026123,-41.23308578600364,10.184226587042708,-25.63212020017377,-82.05185972206085,76.5,3.169525544016649,0.05,0.011974096298217773,0.26082944869995117,0.024775071,0.015235406,-41.8253327583841,-1.0508604332417453,-0.8269135721785733,76.5,10000,1.4580206871032715,0.13566825525466208,0.1338924259627573,-35.66223022080656,100.0
127,22.149004697799683,-40.53881793878124,9.997113644688575,-27.106652358761274,-84.72096589764321,78.5,3.201672758459482,0.05,0.008997440338134766,0.2758467197418213,0.02451433,0.015752282,-41.69668127642382,-1.0443628249748338,-0.8134155359593831,78.5,10000,1.4202415943145752,0.13110631958957766,0.1298329399069312,-39.34321306059443,90.0
128,22.096877813339233,-39.93194765357833,9.303318868029674,-25.798923274477566,-76.22945823042225,83.5,3.1856863657452865,0.05,0.009430170059204102,0.22632241249084473,0.02447856,0.013478675,-41.52020791413927,-1.0352714556098952,-0.8012758712688642,83.5,10000,1.444931983947754,0.12299852573465585,0.12009147360495727,-38.95948020003444,90.0
129,22.124074935913086,-41.630149927687036,11.006685146017617,-26.891044279440393,-84.09216039415564,76.5,3.7653848942236796,0.05,0.009444952011108398,0.254626989364624,0.025407022,0.013494283,-41.53120211549405,-1.0543865944399133,-0.8351578569869054,76.5,10000,1.4258158206939697,0.161152001200456,0.15518087783926593,-33.60605433419984,100.0
130,22.109843492507935,-39.99800846763884,9.372850213527641,-26.489823870052973,-81.58175071120351,82.0,3.230229384743321,0.05,0.008829832077026367,0.26111769676208496,0.024210088,0.014167427,-41.37788275070852,-1.037362271562396,-0.8019523325448523,82.0,10000,1.43528413772583,0.11971004369369961,0.11645835950746665,-38.36008004653224,90.0
131,22.045090436935425,-40.357834087973124,10.505131076931278,-26.551059255779986,-85.01521745080909,80.0,3.4533514378845966,0.05,0.009079694747924805,0.27020740509033203,0.024900608,0.014107404,-41.27587788443498,-1.0426517739030527,-0.8096216851792194,80.0,10000,1.4229328632354736,0.14644901402578744,0.14402051548959288,-38.82098682400503,90.0
132,22.168593645095825,-39.391819248840974,9.49744587549648,-25.093559472819912,-86.41552543602899,80.5,3.5143204999414626,0.05,0.00902414321899414,0.25258350372314453,0.024676463,0.013194937,-41.08747202087558,-1.0307458196324588,-0.7905338234841477,80.5,10000,1.4914171695709229,0.12283945409391787,0.12112359707661381,-63.52498122960501,40.0
133,22.290400981903076,-40.39999376716992,8.86262582698643,-28.022736717438672,-83.32416180634135,83.0,3.5600423737491687,0.05,0.008740663528442383,0.2691521644592285,0.026840826,0.013060518,-41.018724195505015,-1.041330592847217,-0.8104446292753523,83.0,10000,1.4457948207855225,0.11012248111699828,0.1081416911123254,-36.78109299459807,90.0
134,22.101808547973633,-40.627536429267025,11.518836490688486,-25.618271825166648,-85.86463662766836,76.5,4.170214147547791,0.05,0.009442567825317383,0.259127140045166,0.023962652,0.010987512,-40.97960541888121,-1.0453888470421155,-0.8146652174443793,76.5,10000,1.4085876941680908,0.16264983240589737,0.16035686895581178,-49.46115936956771,60.0
135,22.350969552993774,-39.189575622711594,9.153073340973467,-27.060087420495922,-85.26885384756261,83.0,3.34765841835001,0.05,0.008761405944824219,0.2380528450012207,0.024317244,0.014372028,-40.80060243926425,-1.026924383878756,-0.78649841985865,83.0,10000,1.3919801712036133,0.1179437166671867,0.11548851226439316,-46.564574981999925,60.0
136,22.219457149505615,-38.80502857285537,8.346533988441648,-26.105142536607566,-75.87120805170281,84.0,3.259679488053623,0.05,0.009195804595947266,0.23322582244873047,0.02484332,0.015087231,-40.60104505262336,-1.0219357999451624,-0.778732517785684,84.0,10000,1.4120278358459473,0.10054688969900198,0.09896942039288645,-39.578045854638134,90.0
137,22.29473614692688,-39.05394113032416,9.368252711306349,-26.91537732849047,-84.11957621687068,85.0,3.1697469341245172,0.05,0.009308815002441406,0.24121761322021484,0.024232274,0.015261965,-40.44633466039344,-1.0233948632162568,-0.7836616102622976,85.0,10000,1.394270658493042,0.12314433893915441,0.12501201559551436,-36.45276478478028,100.0
138,22.410017728805542,-39.599012551703915,10.4035888666232,-26.69565212083289,-82.52915673732733,80.5,3.4721318113806654,0.05,0.009801864624023438,0.3064560890197754,0.025354104,0.014253613,-40.36160244952449,-1.0315805800022817,-0.7947498759042503,80.5,10000,1.426863431930542,0.14554801114464205,0.1444367967658392,-42.14538379429842,70.0
139,22.415971517562866,-39.5707941628565,9.782016674440484,-26.135598803878008,-86.01883221777346,83.0,2.9191550685869028,0.05,0.009463787078857422,0.23804640769958496,0.023425583,0.014022297,-40.28252162085769,-1.0308873285302953,-0.7938277458168641,83.0,10000,1.343872308731079,0.12684237140111512,0.13326502411138755,-37.74311553107752,90.0
140,22.066356420516968,-39.21678799535335,9.886112518564497,-25.1315606238439,-89.46173154464768,83.5,3.7367195704092295,0.05,0.010102510452270508,0.25711846351623535,0.025812153,0.013134495,-40.17594825830726,-1.0267673239666641,-0.7868254606304587,83.5,10000,1.3686599731445312,0.13889014920370896,0.12719947222230965,-33.73538584228286,100.0
141,22.341423273086548,-40.281391585963476,10.425542030321713,-25.995747288816172,-89.25319816803287,77.5,3.3032852219716005,0.05,0.009310483932495117,0.25818920135498047,0.025164744,0.014656527,-40.18649259107288,-1.0403554880437027,-0.808268858052172,77.5,10000,1.372692584991455,0.14986648417192486,0.14501892126121532,-38.43083339548188,90.0
142,22.68895721435547,-39.10631171548777,8.648875357452747,-25.847706811794318,-81.5835860928112,83.5,3.4923672539133443,0.05,0.009559869766235352,0.26502490043640137,0.02478296,0.013872009,-40.07847450351437,-1.0239858657488192,-0.7847864095392967,83.5,10000,1.370051622390747,0.10736001346021211,0.10584881483423694,-46.829182775235246,70.0
143,22.382875442504883,-40.37110079692499,10.109813159894543,-26.244003128795335,-86.59591288531368,81.5,2.7904492740909057,0.05,0.009505748748779297,0.25739073753356934,0.024552897,0.016602116,-40.10773713285543,-1.0411782936554823,-0.810175313282734,81.5,10000,1.3939135074615479,0.13004765059233733,0.12806700466688936,-42.2245053946222,90.0
144,22.348862648010254,-39.38088669614767,8.153319793021534,-25.616178201535828,-70.81714281316508,86.5,3.1681228049359964,0.05,0.009912490844726562,0.24031782150268555,0.025423853,0.014949283,-40.03505208918465,-1.0290587426436346,-0.7903078098159868,86.5,10000,1.3812174797058105,0.09309152827258972,0.09193323166932037,-43.28559384466326,80.0
145,22.268277168273926,-39.32222307699165,9.26589376313096,-24.454708990235527,-82.14231845385368,83.5,3.444136640732442,0.05,0.00910806655883789,0.23422932624816895,0.025354171,0.013956863,-39.963769187965354,-1.028388290220574,-0.7891601258056018,83.5,10000,1.3794682025909424,0.12315893250531297,0.12373905750218818,-39.31492790069807,100.0
146,22.054492235183716,-39.90004603491134,10.262174925694602,-27.160823017557085,-81.10477861094336,83.0,3.347396573386615,0.05,0.00950169563293457,0.2573575973510742,0.025673363,0.014470128,-39.957396872659956,-1.0353188409429652,-0.8004880520033407,83.0,10000,1.4220073223114014,0.1439464185143306,0.14340368190341363,-41.80689563115707,90.0
147,22.117063760757446,-38.245581299483554,8.338603768914712,-25.553032410059323,-81.8344485172614,85.0,2.9846755786290795,0.05,0.012683391571044922,0.25292325019836426,0.024548989,0.016830629,-39.78621531534232,-1.0168256700739995,-0.7676753193552702,85.0,10000,1.4410912990570068,0.1116534638200459,0.10255553163610233,-36.437509010002216,100.0
148,22.187304735183716,-38.435846380991435,8.966896454301505,-26.30759406113919,-79.18839809792159,84.5,3.342570018711265,0.05,0.012871026992797852,0.27562737464904785,0.02576839,0.0146422535,-39.65117842190723,-1.017532830852803,-0.7713828885040763,84.5,10000,1.3988072872161865,0.11313187986774462,0.11201604729177667,-33.52651858102955,100.0
149,22.27697730064392,-39.23101893960633,10.460055858889206,-24.35560208846395,-84.08468837995659,78.5,3.9120444700398527,0.05,0.009096384048461914,0.26375389099121094,0.024628628,0.012093055,-39.609162473677145,-1.025874678151457,-0.7870321319391869,78.5,10000,1.409733533859253,0.15160366866907016,0.1476993918058438,-34.64800553714987,100.0
150,22.003952503204346,-40.39219388299729,10.436376174357479,-26.25668476502985,-81.57825065102202,80.0,3.350822001930165,0.05,0.012122392654418945,0.2486255168914795,0.024599569,0.014709337,-39.68746561460916,-1.0397124750866293,-0.8104819635055557,80.0,10000,1.4177031517028809,0.1514086791795975,0.1492787207678129,-34.325520982473435,100.0
151,22.259357452392578,-40.59610190529333,11.481832447134945,-25.314835421378092,-82.06557128801829,74.5,3.8691942163856323,0.05,0.008991718292236328,0.2129356861114502,0.02463194,0.012556837,-39.778329243677575,-1.0417524295182787,-0.8145677905557358,74.5,10000,1.4120118618011475,0.1619351411713795,0.1642636940230337,-33.54604208719803,100.0
152,22.14372754096985,-38.746607583459564,8.457929993991232,-26.63439134870746,-74.81606129233185,84.5,3.2544262488166193,0.05,0.0093231201171875,0.25096702575683594,0.025375178,0.014424093,-39.675157077655776,-1.0216543740740007,-0.777629730969104,84.5,10000,1.427483320236206,0.12293514896900619,0.10038614340146497,-34.48491810292482,100.0
153,22.039587259292603,-38.31177309891749,8.364472408744387,-26.629487583342218,-80.45335995708643,84.0,2.954252900338918,0.05,0.00944662094116211,0.27346038818359375,0.0255991,0.015993932,-39.53881867978195,-1.0177422668827167,-0.7688455572885627,84.0,10000,1.4396047592163086,0.10230052477134854,0.10143399053311525,-33.59226275505115,100.0
154,22.074284076690674,-38.03004227232273,8.097439975305814,-25.22317732758569,-70.51878590406882,84.0,3.5080608472771693,0.05,0.009079694747924805,0.24325776100158691,0.025264487,0.014522141,-39.38794103903602,-1.0137676589750588,-0.7629666495624008,84.0,10000,1.4947905540466309,0.0923020855893382,0.09093217421110039,-37.740545382441454,80.0
155,22.16636824607849,-38.272963605295296,8.688034120887657,-25.772257447436743,-81.6963873440852,83.0,3.032316520964652,0.05,0.009404659271240234,0.22361087799072266,0.024966985,0.016434412,-39.27644329566195,-1.0166658145176832,-0.7681092552306407,83.0,10000,1.45308518409729,0.11740096999227273,0.11412801252354403,-35.423583036109605,100.0
156,22.716310024261475,-38.244540037696,7.416870070577811,-25.708209539901777,-74.96485687816218,87.0,3.177406919428016,0.05,0.008935213088989258,0.2590181827545166,0.024988124,0.014619429,-39.17325296986536,-1.0153373025141657,-0.7676456924762486,87.0,10000,1.4333605766296387,0.0867744944595994,0.08380697279648994,-36.624740894509614,100.0
157,22.276472568511963,-37.42289629325716,7.341112213405745,-26.62328011276238,-74.88179997166709,85.5,3.6328007833087654,0.05,0.009364604949951172,0.23657774925231934,0.025383824,0.012351457,-38.998217302204544,-1.0055215786610054,-0.7511025428649559,85.5,10000,1.440535306930542,0.08948633705828751,0.08878328208685578,-37.783858526311384,100.0
158,22.358717679977417,-37.74878070569541,8.146082532312848,-24.261413787551746,-74.75742664184189,89.5,3.1301799571796214,0.05,0.009457588195800781,0.2561490535736084,0.023997927,0.014709042,-38.873273642553634,-1.0089444675350838,-0.7577436935289142,89.5,10000,1.478884220123291,0.10240457559182219,0.10314629156650006,-35.609667241757776,100.0
159,22.301391124725342,-38.35913009299449,8.946441423995902,-27.16160943206206,-80.45255866400949,85.5,4.274010162378766,0.05,0.009270429611206055,0.2762932777404785,0.025492186,0.011184083,-38.82185928759772,-1.0160767661385148,-0.7699255931646541,85.5,10000,1.4402332305908203,0.11721611679069323,0.11849851010558708,-35.89666781328435,90.0
160,23.207356691360474,-38.64298733812685,8.414151074072155,-24.44354639468329,-68.36852225477767,82.5,3.668301133745031,0.05,0.009233474731445312,0.2775886058807373,0.025033297,0.012233618,-38.80397209265064,-1.0206834226297057,-0.7755899206489437,82.5,10000,1.4452829360961914,0.10858049584967328,0.10244891303570537,-37.39345526993442,100.0
161,22.56524419784546,-38.94464763786812,8.791533393990045,-26.135227087227868,-80.8773279501177,87.5,3.2365994470396666,0.05,0.010047197341918945,0.25458598136901855,0.02402026,0.015547732,-38.81803964717239,-1.0220830346427605,-0.7815297920183033,87.5,10000,1.4649500846862793,0.10998704555353137,0.10830259918292014,-34.083842961336515,100.0
162,22.286973476409912,-39.20122439409434,9.462121907011719,-25.412466733732128,-82.24284918160924,85.5,3.1505181547300376,0.05,0.010119438171386719,0.2880539894104004,0.024684941,0.014921113,-38.85635812186459,-1.0249745120612028,-0.7866880335159645,85.5,10000,1.500617265701294,0.12665446196502483,0.12481749171895493,-34.481483380814254,100.0
163,22.365780115127563,-37.61136900039694,7.616728703162061,-24.84368704952957,-78.33186222135488,88.5,3.680791376800163,0.05,0.009549379348754883,0.21290969848632812,0.023863481,0.013162697,-38.731859209717825,-1.0074158523426955,-0.7549885817547399,88.5,10000,1.4698679447174072,0.09379969878551,0.09207413773440837,-39.25854321169248,80.0
164,22.264442682266235,-39.619593359128736,10.18738141646094,-26.293930659688858,-80.39268650957635,83.5,3.390668863835933,0.05,0.009796380996704102,0.2523813247680664,0.024768151,0.013780659,-38.82063262465892,-1.0323313619513117,-0.7947547403060509,83.5,10000,1.4952785968780518,0.14735281913842216,0.1424490472820199,-32.11063635760591,100.0
165,22.390892028808594,-38.5326433474618,9.442040745847471,-26.714053956898,-79.67936868330771,82.5,2.9004834102338672,0.05,0.00991058349609375,0.2843778133392334,0.025212489,0.0154327145,-38.79183369693921,-1.0160086490563887,-0.7732734815847563,82.5,10000,1.4889914989471436,0.1370626981499068,0.13274668621975075,-33.26221880689986,100.0
166,22.584892511367798,-37.826285118653956,8.97231359992277,-26.063562559727973,-83.51163755131218,84.0,2.6735558769975825,0.05,0.008853912353515625,0.26618337631225586,0.024956867,0.016633714,-38.695278839110685,-1.0099898100601172,-0.7590221477990013,84.0,10000,1.4388706684112549,0.12991196726990625,0.12467861880481218,-32.88453508467575,100.0
167,22.043529272079468,-37.29909554684407,7.533674131118975,-24.559019766177226,-82.88535596397504,86.0,3.387699821374267,0.05,0.009212493896484375,0.2674834728240967,0.02471514,0.012786561,-38.55566050988402,-1.0034754857853256,-0.7487052126443635,86.0,10000,1.4797396659851074,0.09669843901567085,0.09341846970832121,-34.972220817181764,90.0
168,22.180413961410522,-38.305737168643454,10.286282014685469,-24.14739422513896,-88.70471328396653,83.5,3.5804353754045573,0.05,0.01117086410522461,0.28377819061279297,0.022612466,0.012201966,-38.53066817575996,-1.0149357568734965,-0.7685994886835548,83.5,10000,1.5480332374572754,0.14643501881859777,0.14333771858516256,-35.04494948683566,100.0
169,21.891639709472656,-37.42556355836822,9.69800782786819,-24.908711540433035,-81.83667873144694,85.0,2.9643210837837337,0.05,0.010404825210571289,0.26723456382751465,0.025088003,0.016929707,-38.42015771402079,-1.0042772519672643,-0.7512359695242672,85.0,10000,1.4738740921020508,0.14239183823760426,0.14079819766830165,-32.750794265436035,100.0
170,22.353287935256958,-37.77687509047952,8.469911368699593,-26.457721825385924,-71.9485894948832,84.5,2.807706373741319,0.05,0.009380340576171875,0.2542264461517334,0.025223045,0.017486094,-38.355829451666665,-1.008114287200705,-0.7581409017220999,84.5,10000,1.4735732078552246,0.11854835869537302,0.11655744776972443,-32.90118429402972,100.0
171,21.990660905838013,-38.523874417541904,8.357685242182324,-26.32667731813916,-80.48292075871619,85.5,3.5034814090749165,0.05,0.009307622909545898,0.28170156478881836,0.024586841,0.014125543,-38.37263394825419,-1.01898379769369,-0.7731581607744726,85.5,10000,1.46016263961792,0.10742638992135273,0.10887356294200161,-35.421330325244384,100.0
172,22.193989515304565,-37.25206809258215,8.35242175421319,-25.47418093349144,-80.85077298956483,92.0,2.9382044274422396,0.05,0.009438753128051758,0.2804865837097168,0.025491888,0.014775164,-38.26057736268699,-1.0016447920531002,-0.7477738464688548,92.0,10000,1.4421908855438232,0.11138582358909255,0.10828537363323432,-37.489565346233974,100.0
173,22.620038509368896,-37.1778660943548,6.5659438417850335,-25.367796795816176,-64.90571491715737,89.5,3.2748870422086775,0.05,0.012454032897949219,0.26409387588500977,0.02475156,0.015946653,-38.15230623585377,-1.0005935027964066,-0.746220410018667,89.5,10000,1.4925422668457031,0.07002441389324529,0.06924035825720437,-32.98446731113929,100.0
174,22.0338294506073,-37.93862943675239,8.252508251159648,-24.661012744951897,-68.38035757795254,87.5,3.4165482400291682,0.05,0.009738922119140625,0.27171826362609863,0.024518995,0.013902598,-38.13093855594363,-1.0113078697727005,-0.7614675230020217,87.5,10000,1.4311411380767822,0.10406568035431298,0.10045519250512093,-35.007528808702844,100.0
175,22.077513456344604,-37.41807028630863,8.311974384483147,-25.201345170708148,-72.99779761834175,89.5,3.714353923645039,0.05,0.010717153549194336,0.24581360816955566,0.02361844,0.013209755,-38.05965172898013,-1.005615737860039,-0.7510658426191477,89.5,10000,1.4129436016082764,0.1017198830072164,0.10077742891779484,-33.208598633446584,100.0
176,22.557088375091553,-37.80923473724255,7.8897459814800275,-26.76680362238798,-77.31168511638197,84.0,3.317557914030315,0.05,0.009196758270263672,0.26944518089294434,0.025530012,0.014368686,-38.03461002980637,-1.0078971434247086,-0.7588892673643537,84.0,10000,1.4278647899627686,0.09591258221124377,0.09634786024121963,-32.94500170318247,100.0
177,21.975194454193115,-37.68423469983466,8.518483405181826,-26.389717226541105,-78.46230412760393,88.0,3.2924797423698178,0.05,0.009210348129272461,0.2704453468322754,0.025451133,0.014475814,-37.99957249680921,-1.0072835173562062,-0.7564628075347712,88.0,10000,1.4337685108184814,0.1055804740925174,0.10488566702666047,-33.16972462372725,100.0
178,22.09593629837036,-38.588848223259895,8.80025359292875,-26.305432185097125,-81.20551343441124,80.5,3.1722957390341997,0.05,0.009795904159545898,0.28203701972961426,0.024532078,0.013919721,-38.058500069454276,-1.0189971003591927,-0.7741568022930382,80.5,10000,1.4239044189453125,0.11989934833140711,0.11897869959200309,-33.89592258130553,100.0
179,22.314635038375854,-36.91706194003989,8.94302550033496,-24.746189100853687,-83.80727514794718,87.0,3.4810417203501522,0.05,0.008880376815795898,0.24551987648010254,0.024543697,0.01394832,-37.94435625651284,-0.9968576314133185,-0.7409375225312915,87.0,10000,1.4613142013549805,0.123255154274788,0.11989502940971813,-36.41385313631809,90.0
180,22.11178684234619,-36.89284841151247,7.185973828106635,-25.412542278793016,-68.6199738132168,89.5,3.570687609011995,0.05,0.011438608169555664,0.2629873752593994,0.025918335,0.013102772,-37.83920547201281,-0.9981235819816641,-0.740532576444405,89.5,10000,1.430997610092163,0.07958906268132318,0.0785435846661673,-34.61423690552533,100.0
181,22.02209210395813,-36.7709784158808,7.408865172419621,-25.890057190467097,-78.82480066394078,92.0,3.863035874477002,0.05,0.009156942367553711,0.2682528495788574,0.025509471,0.012436174,-37.73238276639961,-0.9969159665698579,-0.738175444333387,92.0,10000,1.446711540222168,0.08050052073587226,0.08056907405412221,-34.382907960348234,100.0
182,22.529210090637207,-37.818662345749686,8.313384933778726,-25.98488874511752,-75.61430197267293,86.5,3.242820743017823,0.05,0.00929880142211914,0.2728285789489746,0.025975628,0.015087212,-37.74101072433462,-1.0088162073957285,-0.7590885452766594,86.5,10000,1.4473414421081543,0.11049227951935763,0.1092893612704161,-33.52632137116292,100.0
183,22.047139883041382,-36.76146121741274,8.11620937131456,-25.216584654280183,-73.067013471563,89.5,3.810681869997588,0.05,0.009071826934814453,0.23593616485595703,0.02487256,0.01115135,-37.64305577364244,-0.9961730838201052,-0.7379999053802186,89.5,10000,1.441636323928833,0.09499249480145956,0.09553069197347595,-37.890747750135354,90.0
184,22.379895210266113,-37.69243653405743,8.24425230053906,-25.70823507243765,-81.19482915400658,87.5,3.1157369735924156,0.05,0.009218215942382812,0.24382567405700684,0.0268119,0.014487577,-37.64799384968394,-1.0095229355022493,-0.7566040583346759,87.5,10000,1.4431273937225342,0.10320357520368381,0.1033332951444929,-33.6687660031544,100.0
185,22.17352032661438,-37.11850608016349,8.733075308260814,-25.623249921832816,-76.32099350892778,84.5,3.046518151309684,0.05,0.009591817855834961,0.2692131996154785,0.02455791,0.013931595,-37.5950450727319,-1.0024430101062793,-0.745122035557074,84.5,10000,1.4472625255584717,0.11810410688406699,0.11748742715544239,-33.911377953455464,100.0
186,22.084158658981323,-37.06138259482678,6.707075862327137,-25.77247948057463,-70.83767673099119,89.5,3.008301829256236,0.05,0.009466171264648438,0.27880239486694336,0.025565308,0.016699722,-37.541678824941386,-1.0011439566682312,-0.7439884189968964,89.5,10000,1.4833471775054932,0.070465309022022,0.07094257922050477,-33.89738912945131,100.0
187,22.111751079559326,-37.581265800143136,8.696042874129105,-24.20075107942777,-85.20729373350939,88.0,3.376191805745532,0.05,0.009133577346801758,0.2598917484283447,0.024384676,0.013255821,-37.54563752246156,-1.0079758832221026,-0.7542498435056842,88.0,10000,1.4647207260131836,0.10901000627265649,0.10751840949404622,-33.60183685898336,100.0
188,22.5562903881073,-38.003948107765694,7.808371704016526,-26.266562423895728,-71.32758303223645,89.0,4.059126835870795,0.05,0.009748220443725586,0.2868468761444092,0.025549375,0.011996847,-37.59146858099197,-1.010462381145406,-0.7625323109471919,89.0,10000,1.443223476409912,0.0917381309508279,0.0936003337033258,-39.37285248420287,90.0
189,22.145508527755737,-38.0129746386617,9.24581572671391,-25.67751141097164,-75.65248565190487,85.5,3.5702793765811034,0.05,0.009766817092895508,0.26354193687438965,0.024807675,0.011674723,-37.63361918675895,-1.0108871938954667,-0.763033815175061,85.5,10000,1.4569313526153564,0.125839320996834,0.12472621045698826,-35.13360597721313,100.0
190,22.089437246322632,-38.371979815614075,8.849513893901554,-25.038541279920704,-69.02701115697272,83.5,3.4932520278974857,0.05,0.009858369827270508,0.2670440673828125,0.024693184,0.0143860495,-37.70745524964447,-1.016140790703503,-0.7699231219847508,83.5,10000,1.4666354656219482,0.11714559525132681,0.11409879959579226,-36.86690233756349,100.0
191,22.265308618545532,-37.19246678390312,7.416267448601645,-25.845751218953684,-72.22944201936976,90.0,3.9288377336717195,0.05,0.008679866790771484,0.25556349754333496,0.024123868,0.01110429,-37.655956403070334,-1.001028864706447,-0.7463619999386308,90.0,10000,1.4690055847167969,0.08381961168400108,0.08183872579224281,-32.49684133991705,100.0
192,22.25592064857483,-36.785676376355845,7.386845879474928,-25.985129401265723,-76.80703683837058,89.5,3.3928553977215405,0.05,0.009325504302978516,0.27895188331604004,0.025066195,0.0133279255,-37.56892840039889,-0.9967989394113761,-0.7383633805530718,89.5,10000,1.4574191570281982,0.08838001254106909,0.08751076496754459,-34.80760219719987,100.0
193,22.086884021759033,-37.46434661459688,7.787069777989137,-25.704988180021257,-77.51771727406106,88.5,4.755386263948725,0.05,0.00920248031616211,0.28276848793029785,0.025837068,0.011237289,-37.55847022181869,-1.0047814561326864,-0.7517746631666173,88.5,10000,1.4531018733978271,0.09114391224499759,0.0898703105962622,-33.76340947133521,100.0
194,22.636236667633057,-36.56851211167659,6.55296428808785,-26.345380946525506,-68.47038865361199,92.5,3.0887443935130516,0.05,0.010209321975708008,0.26487064361572266,0.025561653,0.015746301,-37.459474410804475,-0.9951963459011602,-0.7341166131394501,92.5,10000,1.4762423038482666,0.06379969282023243,0.06347868772445145,-32.85045521738606,100.0
195,22.381075382232666,-36.08875228459756,7.210833407108673,-25.92502859686911,-77.58697042246843,90.0,3.9342945719116886,0.05,0.009397268295288086,0.25420713424682617,0.024398247,0.013468668,-37.32240219818379,-0.987281241194271,-0.7245379017976723,90.0,10000,1.4559533596038818,0.08354039700343326,0.08168735056392214,-32.55375523502963,100.0
196,22.0481698513031,-37.28294459258123,9.494597779442525,-23.365547447450606,-89.37954012924949,85.5,2.8773771490555378,0.05,0.009400129318237305,0.25690364837646484,0.02513863,0.014520144,-37.31845643762353,-1.0028647791864034,-0.7481471044168688,85.5,10000,1.4736979007720947,0.13543805804201087,0.13693062593063016,-34.92052359012156,100.0
197,22.402560234069824,-38.07868888499357,9.72770397922071,-26.41275200962806,-80.85048671509115,87.0,3.361537363612549,0.05,0.00919342041015625,0.24939513206481934,0.026427256,0.0141255595,-37.39447968236053,-1.0126472315672839,-0.7642055874575411,87.0,10000,1.465524673461914,0.14287433694589433,0.1347981923324939,-32.82361400454717,100.0
198,22.322628021240234,-36.36803340711415,6.446728268771192,-25.60395761857475,-70.98200743368817,92.5,3.9750351019084182,0.05,0.009917974472045898,0.26219677925109863,0.02504191,0.011129808,-37.2918350548359,-0.9916787151869773,-0.7301241606050409,92.5,10000,1.4697237014770508,0.06500658107801624,0.06271407356815409,-36.27405434160421,90.0
199,22.491321802139282,-37.513238876353306,8.34596038330328,-25.49725761020679,-78.15478287385432,89.5,3.206858841915371,0.05,0.00896000862121582,0.2533407211303711,0.024634115,0.014889647,-37.31397543698764,-1.0061919162083672,-0.7530320018782714,89.5,10000,1.511066198348999,0.11081952139618417,0.10701422156716252,-32.847596569628124,100.0
200,22.68674898147583,-36.53310264203007,6.982867730632907,-26.333361757558833,-80.81314616164818,89.5,3.310737843448007,0.05,0.010215044021606445,0.21898102760314941,0.024642706,0.014779595,-37.235888157491885,-0.9946976397615931,-0.7333030100428957,89.5,10000,1.5089647769927979,0.07675026264626651,0.07607903539384836,-33.23911087577535,100.0
201,22.142282724380493,-37.753517636152495,7.637171496194431,-25.230096912939416,-65.36695705199018,88.5,2.955604428217576,0.05,0.009252071380615234,0.264021635055542,0.024366077,0.016545167,-37.287651105357945,-1.0090607429682519,-0.7578095735684761,88.5,10000,1.520329475402832,0.08856343398215374,0.0872422028657837,-36.25097701095741,90.0
202,21.95928192138672,-36.50738082840493,6.351658092346306,-25.629756203186243,-67.18356272456246,91.0,2.876164199213,0.05,0.01001119613647461,0.2983543872833252,0.025745148,0.015338697,-37.20962407766264,-0.9940459170522635,-0.7328532590343212,91.0,10000,1.5860867500305176,0.06987666277468715,0.06213806238780813,-33.6981041689654,100.0
203,22.33357048034668,-36.043576102172295,7.059235062379017,-24.447024991679584,-66.92748299816593,90.5,4.320130814485735,0.05,0.00927591323852539,0.26386189460754395,0.023381667,0.009828285,-37.0930192801136,-0.9874374855605518,-0.7236176704001227,90.5,10000,1.5285565853118896,0.08013181722025309,0.08083508004178878,-32.997003760183425,100.0
204,21.99854612350464,-36.49992486889288,7.580058331556785,-23.919861038039784,-73.08720110212812,88.5,3.4813550612904423,0.05,0.008914470672607422,0.23310542106628418,0.023876475,0.013498871,-37.033709838991534,-0.9942315834855465,-0.7327335458661288,88.5,10000,1.5293467044830322,0.08919170602339088,0.09175898470334,-34.072954564722956,100.0
205,22.010799646377563,-36.599477371138455,7.690953195798849,-24.893515970152034,-69.85402571052482,90.0,3.0992863593534374,0.05,0.009218454360961914,0.23584508895874023,0.024863036,0.015435664,-36.990286592206225,-0.9943067108830632,-0.7347267979246681,90.0,10000,1.5160982608795166,0.09750715966597305,0.0936514013566821,-35.63775924258768,90.0
206,22.277167797088623,-35.910381327356106,6.550001698441709,-25.48945115125789,-74.01342171224415,90.5,3.089423579885398,0.05,0.009787321090698242,0.2356550693511963,0.024901694,0.015477137,-36.88229606572121,-0.987221057763421,-0.7209034362090285,90.5,10000,1.515296459197998,0.06838935294090519,0.07043969526746376,-32.79746237633002,100.0
207,22.586546421051025,-36.92914316946109,7.043293994261795,-25.514086493142177,-69.30009943338248,90.0,3.257427056107546,0.05,0.00946187973022461,0.2616550922393799,0.024043769,0.01484273,-36.8869807760952,-0.9986088595204933,-0.7412569125383648,90.0,10000,1.5583744049072266,0.0795317411229196,0.07807767123939593,-31.923366128852138,100.0
208,22.385802507400513,-36.104580566795384,8.183491176529765,-23.64446066805698,-83.53093275557006,92.0,3.305684996537769,0.05,0.009263038635253906,0.25339627265930176,0.024985095,0.014278721,-36.808740755165225,-0.9880282418581885,-0.7248425865376431,92.0,10000,1.5765197277069092,0.10606769321864268,0.10517768593714064,-32.76479411305222,100.0
209,22.37199091911316,-35.6599553522382,5.687660760439065,-23.960939505273405,-65.49253409253097,93.5,3.719185513527753,0.05,0.008939027786254883,0.2577986717224121,0.025301076,0.013100169,-36.693862214872524,-0.9822481968691582,-0.715958032474677,93.5,10000,1.5687463283538818,0.048691946257381935,0.0449536031949629,-33.1125978640159,100.0
210,22.140376329421997,-36.015145001438796,8.093211433196068,-25.517046080745462,-83.82216403074528,91.5,3.9361078807615963,0.05,0.00946664810180664,0.24411511421203613,0.025038201,0.012987696,-36.62599049352915,-0.9874374288176985,-0.722804269046955,91.5,10000,1.5998764038085938,0.09869389233146691,0.09566592861063178,-35.16090455596749,100.0
211,22.590290546417236,-36.234011012084444,7.922673346301769,-25.261205480949414,-77.90763274066884,94.0,4.524925896453133,0.05,0.009650707244873047,0.2711927890777588,0.023795336,0.0108835185,-36.58679254538468,-0.9897947456015613,-0.7273378009095791,94.0,10000,1.5867218971252441,0.09375311515510178,0.09237912131166787,-33.13062626104977,100.0
212,22.119492769241333,-36.52265313989183,6.940273451037414,-26.12988915914068,-70.08063121162994,88.5,3.8377010749134555,0.05,0.009234428405761719,0.2851243019104004,0.024616016,0.0127509665,-36.580378604835396,-0.994474160388342,-0.7332020506204685,88.5,10000,1.5539240837097168,0.07603468566001614,0.07578585477784179,-31.57019932251169,100.0
213,22.241300106048584,-36.05998584272843,7.541606974816291,-24.114579598008792,-80.38593579461556,91.0,3.157788924407067,0.05,0.009203910827636719,0.2440319061279297,0.025770675,0.013377519,-36.528339328624696,-0.9890255084318423,-0.723943388880397,91.0,10000,1.5445775985717773,0.09328776090409768,0.09148617226901044,-34.84653791196754,90.0
214,22.06124711036682,-36.24435398608985,8.808337311429478,-24.3815452488861,-84.32947973670451,84.5,3.021560664097715,0.05,0.009268522262573242,0.25394415855407715,0.025221482,0.01603481,-36.49994079437121,-0.9894504169930559,-0.7275266057874031,84.5,10000,1.5379917621612549,0.11647624092572786,0.113835838572855,-31.582776774967453,100.0
215,22.24943256378174,-36.49769239526291,8.722862123481416,-23.926808098290216,-85.24948410837946,89.0,3.841439344014177,0.05,0.008952617645263672,0.26267552375793457,0.025089955,0.011917825,-36.499715954460385,-0.9938135350100513,-0.73270721690715,89.0,10000,1.5592708587646484,0.11678239114910262,0.11616726416190541,-33.02206930321348,100.0
216,21.884289741516113,-35.72759967560454,8.281104597394565,-24.888409577144174,-82.00582501245293,87.5,3.6823900697241574,0.05,0.009360074996948242,0.21021008491516113,0.025237944,0.012619803,-36.422504326574796,-0.9861497372953265,-0.717208568581616,87.5,10000,1.5651006698608398,0.11139432973838391,0.10699734463265936,-33.478383105554926,100.0
217,22.423845052719116,-36.29583434949443,8.567782817097083,-24.017618012884476,-81.27947745834571,87.5,3.0335032653237555,0.05,0.009381294250488281,0.21398591995239258,0.02457798,0.016005222,-36.409837328866764,-0.9906835072018079,-0.7284834857808932,87.5,10000,1.5770368576049805,0.10997333542051187,0.11075620202055508,-33.18215397279543,100.0
218,22.661879062652588,-37.55388804034043,10.408327015243573,-23.848607442458214,-84.35323526177237,86.0,4.608179127319314,0.05,0.008781909942626953,0.26604580879211426,0.02319712,0.009663752,-36.52424240001413,-1.0066118510468618,-0.7536889760723541,86.0,10000,1.6309080123901367,0.1523514600830977,0.15230113945994106,-33.46154451276901,100.0
219,22.31313133239746,-37.276327970815366,9.081458397780724,-25.053021546912724,-81.69486224984432,87.0,3.2393819402009467,0.05,0.00944662094116211,0.24191641807556152,0.024980828,0.015363629,-36.59945095709426,-1.0033244399226309,-0.7479929007749316,87.0,10000,1.5782313346862793,0.12409506948399043,0.12238130678303635,-37.96103260933165,90.0
220,22.041431188583374,-37.11305264388088,9.513019745299928,-26.16238191811432,-83.95182344193384,87.0,2.9786522240015523,0.05,0.00885152816772461,0.23195886611938477,0.025655152,0.016838681,-36.650811125772925,-1.001488169851668,-0.7449898831251184,87.0,10000,1.551875114440918,0.13630039042799208,0.13315833637675822,-34.34243737039862,100.0
221,22.21333360671997,-36.50445241712697,9.328123873115514,-23.87785410368044,-84.28569756300519,90.0,3.556132473980232,0.05,0.008896350860595703,0.244948148727417,0.02552427,0.013122289,-36.63617525490833,-0.9933510160784894,-0.7328653686435025,90.0,10000,1.5485658645629883,0.13389280684210914,0.13246398602112622,-32.995470833126305,100.0
222,22.452410459518433,-36.99783476258182,7.661113752544653,-24.067927302778056,-67.05044871928784,90.0,3.4898408508113263,0.05,0.009043693542480469,0.25034403800964355,0.025330547,0.013020272,-36.67234120567568,-1.0009306816035146,-0.7425054331824641,90.0,10000,1.5448668003082275,0.08830393448589256,0.08807179055665644,-36.71022088813611,90.0
223,21.80348229408264,-36.75816758028945,8.741153258737928,-25.049581015659516,-84.11328458358524,88.5,3.5356389879790697,0.05,0.008897542953491211,0.2712221145629883,0.025048243,0.013361028,-36.68092384313706,-0.9967704839782648,-0.7379478452888104,88.5,10000,1.5402500629425049,0.11766373382190191,0.11593774331328197,-34.606529555516964,100.0
224,22.67276954650879,-36.71664742176478,8.92167398892667,-25.26949935520421,-85.14085317590782,90.0,3.608179770550522,0.05,0.009197473526000977,0.2661001682281494,0.024846395,0.012285476,-36.68449620099983,-0.9971013978437189,-0.737082744183892,90.0,10000,1.583289384841919,0.11466651278941821,0.1138821357716964,-36.459759408506244,90.0
225,22.25685453414917,-38.583269292753194,9.524033478490292,-24.884341732910354,-77.77291365846527,83.0,3.5959167190205306,0.05,0.00962972640991211,0.2614443302154541,0.02607729,0.011365281,-36.87437351017517,-1.0175642632058606,-0.7744247840914147,83.0,10000,1.5928411483764648,0.1344796276310126,0.12821671795809997,-34.533890410807544,100.0
226,22.563884019851685,-37.12508167152117,7.9632517130468985,-25.284691319197268,-90.40874347810826,94.5,3.1027431736753774,0.05,0.009169340133666992,0.2776062488555908,0.023480706,0.014650444,-36.89944432630977,-1.001015225979534,-0.7452744007671299,94.5,10000,1.547295331954956,0.10288449430234609,0.10095339670766997,-34.06431191010066,100.0
227,22.504387378692627,-36.80710408763473,8.147950276724316,-25.260924954838814,-81.22276212575368,90.5,3.454235285478062,0.05,0.009633541107177734,0.2526388168334961,0.025262512,0.0136420475,-36.89021030244227,-0.9981144955492602,-0.7388954074818203,90.5,10000,1.5413033962249756,0.09921234086369347,0.09700975157176366,-32.81397091386914,100.0
228,22.427276611328125,-35.94813520740277,6.480829075391149,-25.9630681596413,-70.0502072915909,89.5,3.1004442859300108,0.05,0.014677762985229492,0.23609590530395508,0.025100928,0.014628842,-36.79600279293832,-0.9874562638023519,-0.7217058947896814,89.5,10000,1.5497679710388184,0.06544109376654056,0.06008418344740119,-32.63839804203741,100.0
229,22.134482622146606,-36.86104294186986,7.585379417229244,-25.864606483652384,-76.54648273768747,90.5,3.4523749492969222,0.05,0.011764287948608398,0.2543904781341553,0.025443124,0.013018668,-36.80250680783148,-0.9973844775554415,-0.7399284962932086,90.5,10000,1.5575816631317139,0.08590771275835449,0.08596255503027556,-33.47486273751366,100.0
230,22.470141887664795,-36.50518292959353,7.25605779718972,-24.52025254407429,-72.52027447234951,87.5,3.4009748514844067,0.05,0.009067773818969727,0.2361164093017578,0.025020495,0.01391193,-36.772774420007686,-0.9927375480771025,-0.7328502986472725,87.5,10000,1.5579066276550293,0.08018411881281466,0.0778151198909742,-32.66999726484156,100.0
231,22.476375579833984,-36.19103196478249,9.140614212931357,-25.463391266404404,-79.03543707939725,88.5,3.3334049812541706,0.05,0.009206771850585938,0.2471003532409668,0.024456602,0.014433665,-36.71460017448517,-0.9889792363315556,-0.7265949340069898,88.5,10000,1.5795631408691406,0.12074893109057086,0.12045784640202482,-31.938069401003737,100.0
232,22.026058673858643,-36.59261827759553,7.4046762042278775,-23.83216154047307,-75.08947025410852,88.5,3.3249439577474393,0.05,0.009571075439453125,0.23906993865966797,0.024929281,0.014039544,-36.702401984796204,-0.9929444721304003,-0.7344715965893828,88.5,10000,1.61342191696167,0.08646125676459053,0.08539031475856862,-34.50284407430881,100.0
233,22.54714274406433,-36.22629083713973,7.474473550627476,-26.109092820706163,-84.1339735826655,90.0,3.198663252623904,0.05,0.008908271789550781,0.2379903793334961,0.02577307,0.014243007,-36.65479087003056,-0.9904220020109339,-0.7272920835790068,90.0,10000,1.571042776107788,0.08475046903053865,0.08253997503945971,-32.56325085539784,100.0
234,22.686951160430908,-37.83358009073584,9.891055680180735,-24.608726801805425,-84.83046622949095,87.0,3.184429871023681,0.05,0.009143829345703125,0.2556602954864502,0.024399955,0.013604639,-36.772669792101084,-1.008929949812022,-0.7594141099730841,87.0,10000,1.5917515754699707,0.14065063123968327,0.13454747669312245,-33.02469962685558,100.0
235,22.541293621063232,-35.826442960857555,6.489296092885293,-24.84390011605492,-58.90018461021779,91.5,4.014096428287733,0.05,0.016249895095825195,0.25697970390319824,0.025105353,0.012455056,-36.67804710897673,-0.9853134167984328,-0.7192723031981039,91.5,10000,1.5926315784454346,0.06856539697779214,0.0587678577801789,-32.714294084432986,100.0
236,22.476274013519287,-36.41200423067892,8.963249850260404,-25.33123616552178,-85.52634772652618,91.0,3.1419014291704928,0.05,0.009649515151977539,0.23375153541564941,0.025358006,0.014466115,-36.65144282114695,-0.9914428577606529,-0.7308930475465647,91.0,10000,1.5852646827697754,0.11709903929209363,0.11592171032925666,-33.046189934622745,100.0
237,22.39773941040039,-36.30685379484382,7.3043959596988275,-25.715525840392388,-80.49990586651728,91.0,3.2053524494915044,0.05,0.009250879287719727,0.27335166931152344,0.024666365,0.014511383,-36.61698391851664,-0.9918478910883047,-0.7288907436547758,91.0,10000,1.575307846069336,0.08370615331185974,0.08242253749754914,-33.141593702650326,100.0
238,22.452359676361084,-36.6068178158985,8.414852031205543,-25.223042601967574,-81.35979835779948,89.0,4.242566492172978,0.05,0.009269475936889648,0.2509629726409912,0.025810776,0.011453276,-36.615967308254824,-0.9934053838315784,-0.7347103551857376,89.0,10000,1.5922069549560547,0.10668996981058024,0.10778800231865016,-32.75180784504182,100.0
239,22.544313192367554,-36.04592243799351,6.3802653380706476,-25.153239598576967,-72.16745720292947,94.0,3.1150522526874322,0.05,0.00946664810180664,0.22200894355773926,0.02427229,0.01394413,-36.5589628212287,-0.9873558831545942,-0.7236044908008243,94.0,10000,1.5715422630310059,0.06583343658571654,0.06281978678715862,-31.72441657687944,100.0
240,22.208173751831055,-36.40546949704342,8.031137508017544,-24.384727286973835,-76.69956802501557,88.5,4.305662168183613,0.05,0.009317398071289062,0.23626255989074707,0.023441555,0.011423918,-36.54361348881017,-0.9913555472137113,-0.7308047303477401,88.5,10000,1.5749289989471436,0.10560990693556549,0.10312391437522803,-33.49866396737933,100.0
241,23.044288396835327,-35.80790438650625,7.323268687937481,-26.30490580720311,-76.7931379229471,91.0,4.041436679530507,0.05,0.009610891342163086,0.24532222747802734,0.024687167,0.012567223,-36.47004257857978,-0.9849988853551349,-0.7189260055369939,91.0,10000,1.5657994747161865,0.09057312619962639,0.08965562514707444,-33.53087441712423,100.0
242,22.164090156555176,-35.52548901457681,7.899656547724654,-25.286456701721097,-77.85313961267572,93.5,2.8490810999282514,0.05,0.009346961975097656,0.2684786319732666,0.025263378,0.016273873,-36.37558722217948,-0.9818890873458119,-0.7132537141073052,93.5,10000,1.597113847732544,0.09709314892444036,0.09675312113707603,-33.30929254366251,100.0
243,22.345269441604614,-35.07338080843658,7.241719534613946,-25.412987914208394,-72.46332044283429,91.5,3.806103585200176,0.05,0.009206533432006836,0.24875545501708984,0.024378221,0.013531398,-36.2453665808052,-0.9757457220360355,-0.7041697132558771,91.5,10000,1.5703747272491455,0.08114164605304246,0.08308562011797302,-33.59757465334247,100.0
244,22.002489805221558,-35.222555522046115,6.510673636745281,-25.8158552525011,-72.35416629418532,94.5,3.7702424430815684,0.05,0.009270906448364258,0.23206377029418945,0.026420733,0.013246199,-36.14308547492929,-0.9772453035564914,-0.7069592653365612,94.5,10000,1.5755722522735596,0.07183628965251472,0.06874501842460899,-36.27323959804853,90.0
245,22.111973762512207,-36.686789708027725,8.201575808562774,-26.291955913644273,-74.62142608775922,88.5,3.8879358647809554,0.05,0.009463787078857422,0.2404499053955078,0.024535099,0.0114337215,-36.19745589823914,-0.9955226805561205,-0.7361186189749076,88.5,10000,1.5771877765655518,0.11061492807788265,0.10455907054352441,-32.84611218853258,100.0
246,22.323065042495728,-35.93879467511045,7.80376770653255,-25.3764569581088,-72.4994901450608,91.5,2.797025847139735,0.05,0.009668588638305664,0.26421356201171875,0.025607282,0.017716518,-36.17158977592627,-0.9856037859774761,-0.7213736352080166,91.5,10000,1.6082000732421875,0.09356178510276754,0.09284091164240847,-32.255108796422874,100.0
247,22.403950452804565,-36.19779769077002,7.261823946162566,-25.251696140083805,-83.09686662147557,87.5,4.001656816051114,0.05,0.009102582931518555,0.2366645336151123,0.024551786,0.012029308,-36.17421056741065,-0.990838261580887,-0.7265012933577194,87.5,10000,1.5965402126312256,0.07993204329555097,0.08057511337876726,-32.57552917366822,100.0
248,21.841097116470337,-34.702273450380666,5.92734535847148,-25.493384667109687,-70.87051638479532,95.5,3.1801994967875395,0.05,0.009036064147949219,0.23118257522583008,0.02591885,0.014226016,-36.02701685570765,-0.971801115475703,-0.6967741434953995,95.5,10000,1.556602954864502,0.06413581868415343,0.056367478175294125,-34.15579994640332,100.0
249,22.265680074691772,-36.56758615892728,6.716005446171277,-26.667478984393153,-71.44271400323099,90.0,3.2338732459084345,0.05,0.009167671203613281,0.26183629035949707,0.025422439,0.014778115,-36.08107378602961,-0.9943904479760743,-0.7340219098745172,90.0,10000,1.5270776748657227,0.07756431855992782,0.07316129805818436,-32.37175116430423,100.0
250,21.902907133102417,-35.13685336270044,6.347781559769551,-24.8525074906963,-69.09339553496773,92.0,4.143589185138858,0.05,0.00934743881225586,0.23595881462097168,0.024134735,0.011180144,-35.9866517436967,-0.9776769363644691,-0.7054685113943114,92.0,10000,1.5586402416229248,0.06186545310912729,0.05702162244583567,-33.48852821551019,100.0
251,22.1326687335968,-35.04823430126879,6.857544347418133,-25.247751528772792,-79.4207138733076,91.5,3.1971820713152383,0.05,0.00989675521850586,0.22622179985046387,0.024853516,0.015307298,-35.8928099994539,-0.9751547320963635,-0.7036598388312644,91.5,10000,1.5275444984436035,0.08192671317605864,0.08091602959153363,-32.661536200833474,100.0
252,22.279158115386963,-35.61648616057241,7.747714613194048,-25.72893264688192,-77.89516857500651,92.0,4.220370681332651,0.05,0.012262105941772461,0.2474040985107422,0.02570524,0.011664443,-35.865177615565756,-0.9830363161517429,-0.7151069745317374,92.0,10000,1.5228097438812256,0.09898480649291748,0.09762707751407011,-31.98156015048491,100.0
253,22.39587712287903,-35.589708500775345,7.644400513876938,-25.318163210536813,-82.92674961709707,89.5,3.5801271010602584,0.05,0.009218692779541016,0.23407387733459473,0.023939133,0.010703987,-35.83763070408672,-0.9819457496501588,-0.7145439210117215,89.5,10000,1.5153694152832031,0.09046824748783754,0.09000900933614506,-33.5867228364984,100.0
254,22.309553623199463,-34.93781430387319,5.550528336942709,-25.27018699060195,-63.88854485051708,95.0,2.5260432409582334,0.05,0.009347915649414062,0.2510683536529541,0.024546854,0.01690076,-35.74764906406537,-0.9754885271036755,-0.7015218148326581,95.0,10000,1.5308752059936523,0.04438376676502449,0.043728709332590265,-31.71998768139202,100.0
255,22.18698024749756,-34.56170980175809,6.206357645652426,-25.99974014923623,-72.69639668391939,92.5,4.108711408429571,0.05,0.008947610855102539,0.24985361099243164,0.025205314,0.012432556,-35.62905513783464,-0.970814800347533,-0.6939784637658352,92.5,10000,1.5624480247497559,0.06258729723070121,0.06175741231392021,-31.907630584251592,100.0
256,22.131392002105713,-35.16638394014912,6.870315075750522,-23.53169486641359,-66.93214509562138,86.0,4.0353417523751824,0.05,0.010226249694824219,0.25610971450805664,0.024725566,0.012235316,-35.58278801806609,-0.977706066195199,-0.7060899787191016,86.0,10000,1.545358419418335,0.08489688786622379,0.0828849781840138,-31.234627695836473,100.0
257,22.159976720809937,-35.88788733333908,7.8330295534945105,-25.603459262896095,-73.50299147583375,86.5,4.03603454527045,0.05,0.00931549072265625,0.2661933898925781,0.026015624,0.012470192,-35.61329794959339,-0.9860827801482556,-0.7204834429134405,86.5,10000,1.5598483085632324,0.10390551395435789,0.10179919869730311,-32.0043580322045,100.0
258,22.2842435836792,-34.87743912561833,6.424832884675972,-25.945342236210276,-72.44563675540945,91.5,3.9280774552083106,0.05,0.01095724105834961,0.22767281532287598,0.024981072,0.0124831265,-35.539712067195886,-0.9748321798613294,-0.7003153590403266,91.5,10000,1.5740234851837158,0.06636808596492252,0.06615596272706291,-31.8381021669149,100.0
259,22.369792938232422,-34.8956836574135,7.69220713246169,-24.3207353408212,-75.85149951511666,90.0,3.0197053728829197,0.05,0.009430170059204102,0.22128057479858398,0.025340058,0.015934985,-35.47530922621765,-0.9736865401816105,-0.7005761639793616,90.0,10000,1.5705780982971191,0.09048574164570229,0.09324005705349037,-33.0190979987529,100.0
260,22.04455828666687,-34.871593728330836,6.582129814421127,-24.268299554017716,-70.4071627960265,91.0,3.0725313328171246,0.05,0.009292125701904297,0.22215533256530762,0.02512186,0.015730467,-35.41493767642896,-0.9733944014151769,-0.7001483298060771,91.0,10000,1.5690922737121582,0.07219113435625486,0.0653643835561904,-31.492082080873566,100.0
261,22.72383713722229,-35.834993990977736,6.61583845660059,-26.291010682117346,-64.64653309345277,91.0,3.281900426478119,0.05,0.009201288223266602,0.2203962802886963,0.024537275,0.014198001,-35.45694330788384,-0.9868109951938827,-0.7193501386609458,91.0,10000,1.5882971286773682,0.06749743793924065,0.06728890935701343,-32.499448062737464,100.0
262,22.084485292434692,-34.65654958791586,6.686577260368495,-25.17024726948359,-69.48700492934852,93.0,3.11770889323107,0.05,0.009774208068847656,0.2402493953704834,0.025048684,0.015258367,-35.37690393588704,-0.9718936626020936,-0.6958631963098864,93.0,10000,1.5890233516693115,0.07161205299159526,0.07253013788813766,-32.274142431061776,100.0
263,22.066141605377197,-35.66525159500042,7.74396203617165,-24.024890183498833,-79.94830206027225,88.5,3.1124782089327243,0.05,0.009261131286621094,0.2413029670715332,0.025876699,0.0145189455,-35.405738701798384,-0.9849402804612128,-0.7158656400930926,88.5,10000,1.6070990562438965,0.09871450085636774,0.09778328138739045,-33.54779558908767,100.0
264,22.188849687576294,-35.30793423514346,6.836078496623998,-24.67191554756659,-69.72710197260724,88.5,2.6683518865049343,0.05,0.009054183959960938,0.2460024356842041,0.026127325,0.018353397,-35.395958255132896,-0.980925949263825,-0.7089115133879283,88.5,10000,1.6120738983154297,0.07799286224314682,0.07486185331845448,-32.70490053136201,100.0
265,22.375064849853516,-35.81029575589284,8.192012962767095,-23.991833552986993,-87.14634265350422,92.0,3.7116651310031257,0.05,0.008995294570922852,0.24331402778625488,0.02497662,0.012311636,-35.43739200520889,-0.9859187643714458,-0.7189320309614392,92.0,10000,1.5667331218719482,0.105637262577705,0.1063722581837718,-31.691722161645338,100.0
266,22.02481198310852,-35.446529331377654,6.738397722678736,-24.675355216782833,-65.14916288212666,93.5,3.6989918418047383,0.05,0.00954437255859375,0.26128625869750977,0.025037453,0.014501239,-35.43830573782577,-0.9816719432841624,-0.7116105614412421,93.5,10000,1.640857219696045,0.06632700317624049,0.06478273855750236,-31.85579332693959,100.0
267,22.302154302597046,-35.03164645208221,5.965920259919517,-25.554917781670138,-60.09864786112527,89.0,4.220899871487597,0.05,0.009104251861572266,0.24698138236999512,0.024775837,0.0111643635,-35.397639809251416,-0.9777999932767973,-0.7033726430760572,89.0,10000,1.5787527561187744,0.05731926293794558,0.05762655073173113,-32.38117639422461,90.0
268,22.245981216430664,-34.99838055106794,7.169640771549603,-24.515793800151634,-67.35748896426715,89.5,3.4632721742277655,0.05,0.009377241134643555,0.2509896755218506,0.026211549,0.014335306,-35.35771388343307,-0.9749023533284853,-0.7026599573732619,89.5,10000,1.5692834854125977,0.0847838887819084,0.08416887575288458,-32.817341590016625,90.0
269,22.093207597732544,-33.990491367701246,6.457381800021304,-25.321374261247012,-82.1866298406031,94.0,3.5871322986975196,0.05,0.009320497512817383,0.25699782371520996,0.024695978,0.012558808,-35.22099163185989,-0.9635117317183852,-0.682561350948439,94.0,10000,1.579491138458252,0.07100656012284264,0.06695027503943253,-32.332368537233194,100.0
270,22.57770562171936,-35.41531316914958,7.3334747356199586,-24.355906837213283,-69.64106206699542,92.5,3.5106441821769736,0.05,0.008802175521850586,0.2540252208709717,0.025293658,0.013159155,-35.24042378558886,-0.9813223042573069,-0.71105257311558,92.5,10000,1.5593080520629883,0.09046262233478422,0.08746623854556436,-32.864534373084496,100.0
271,22.331082344055176,-34.62366524171911,6.344274775332021,-24.080881397672186,-76.53149660236382,91.0,4.2497821090884,0.05,0.018715620040893555,0.24431371688842773,0.02564602,0.012193493,-35.17874793120188,-0.9715040435441387,-0.6952367803575299,91.0,10000,1.5772955417633057,0.06466189739657785,0.06429926749741965,-32.41316017306222,100.0
272,22.417625665664673,-35.52214723770782,7.202572652267173,-26.081233536635473,-76.12036158328984,91.0,3.6181609456286803,0.05,0.008951902389526367,0.2386019229888916,0.026250245,0.0124245295,-35.21308786185248,-0.9826812597189633,-0.7129165768660929,91.0,10000,1.571235179901123,0.08553436037104836,0.08282769100362027,-32.336578322270995,100.0
273,22.270830631256104,-35.0563314110679,6.548263588268434,-25.45410927595397,-68.60550606003518,89.5,3.6718023239732642,0.05,0.009625911712646484,0.2456963062286377,0.025900131,0.013058636,-35.19741221677402,-0.9761845220621574,-0.7038795957952498,89.5,10000,1.5592739582061768,0.07198622488320848,0.06851741899285457,-31.71678473958024,100.0
274,21.942075967788696,-35.63257103799302,7.4707753666205265,-25.857001223560616,-69.60614083359744,89.5,3.345095018862681,0.05,0.009354829788208008,0.23550963401794434,0.024920627,0.013446657,-35.24092809889592,-0.9845970627173568,-0.7152723256115684,89.5,10000,1.5311856269836426,0.0899585546874533,0.08888165955868098,-32.44203277660342,100.0
275,22.023365020751953,-34.67492534919907,5.246674436190681,-25.635070913389708,-58.9769458858821,93.5,3.188469905405352,0.05,0.009227752685546875,0.2510044574737549,0.025158852,0.015324101,-35.18432782392624,-0.9725656668696852,-0.6962694281443368,93.5,10000,1.6140127182006836,0.044900583287893675,0.0407141945916306,-31.8585540587897,100.0
276,22.171151638031006,-34.82473844702348,7.423081755894538,-24.814294375664154,-83.69717553709232,91.0,3.8386514431474685,0.05,0.008715629577636719,0.24550724029541016,0.024958514,0.01292354,-35.148368886235964,-0.9741143518174741,-0.6992444171185153,91.0,10000,1.5381605625152588,0.08979930721708353,0.08815221328327032,-31.362792866495443,100.0
277,22.348273277282715,-34.209112470033524,6.859925184554558,-25.086099522929274,-72.72435373198377,95.0,3.2775770417475383,0.05,0.00915980339050293,0.22510218620300293,0.022990918,0.016122065,-35.05444324461572,-0.965716473210926,-0.6869550464465081,95.0,10000,1.5958120822906494,0.0765569431018112,0.07461338924406398,-31.035549184388394,100.0
278,22.0268235206604,-34.832077316885915,8.237286596290442,-25.042037622544655,-83.0184707434774,93.0,3.6741183547323284,0.05,0.008946657180786133,0.24950337409973145,0.026007354,0.011868338,-35.03220665184274,-0.9743684649128312,-0.6993667964151973,93.0,10000,1.5617811679840088,0.1108415475567082,0.10910075452835985,-33.00542553279284,100.0
279,22.14019012451172,-34.5087793335087,6.041172812879062,-25.55436772678346,-64.31455722615298,93.5,3.6032355267377536,0.05,0.009355306625366211,0.2655322551727295,0.024859501,0.013474988,-34.979863920009336,-0.9706403973920691,-0.6929303898862931,93.5,10000,1.5754318237304688,0.06543383036917431,0.06266585594386372,-32.823120942670506,100.0
280,22.566344499588013,-34.02696292395603,5.269656617482297,-24.41325675891245,-67.50555050819526,95.0,3.8068923122615717,0.05,0.008994102478027344,0.2503316402435303,0.025946103,0.01351436,-34.88457382040401,-0.9645551776064909,-0.6832906269079569,95.0,10000,1.571134090423584,0.054041592689126575,0.04988821925220878,-33.98711051333825,100.0
281,21.987617015838623,-34.83791128381111,6.892602168918952,-24.23863422684475,-82.80278966576344,93.5,3.284839959047122,0.05,0.009265661239624023,0.21746349334716797,0.024875935,0.014623357,-34.87990756674472,-0.974375522885343,-0.699490430886912,93.5,10000,1.5814404487609863,0.06970148786216859,0.06773438179785198,-32.56471760295925,100.0
282,21.965369701385498,-35.34398436690251,7.698278410731063,-26.02283353375027,-84.73232060455618,91.0,3.248553510046165,0.05,0.008944272994995117,0.2704777717590332,0.024712455,0.014151798,-34.9263152467605,-0.9803140359652147,-0.7096191233535474,91.0,10000,1.5788204669952393,0.09790307022579288,0.09618719555566989,-31.603164462739834,100.0
283,22.296974182128906,-34.46331679817564,6.589491573639493,-25.09592812663174,-69.62330216012217,92.5,4.22048567529803,0.05,0.008948087692260742,0.22413134574890137,0.026116418,0.01109448,-34.880015401902014,-0.9697209149637636,-0.6920394496654422,92.5,10000,1.5827858448028564,0.07388430983212718,0.07124306439523741,-31.795774593000544,100.0
284,22.228054523468018,-35.79964601834112,7.320766820868369,-25.836907629307113,-82.49624968834638,92.0,3.431230524060024,0.05,0.010095357894897461,0.23838233947753906,0.024905786,0.013319876,-34.97197846354592,-0.9842511998242943,-0.7184814727365142,92.0,10000,1.5948867797851562,0.0832826790038352,0.0815548303942391,-32.230501406729566,100.0
285,22.160316228866577,-34.97922158581579,6.868990452231524,-24.696280414721024,-82.74917034124685,93.5,3.4381415671010984,0.05,0.00912618637084961,0.2605130672454834,0.024570584,0.013801316,-34.97270277577291,-0.9760645845943078,-0.7020804170003246,93.5,10000,1.6046142578125,0.0779084862647517,0.0773348389598429,-31.79223915984515,100.0
286,23.235841989517212,-34.77439682311582,6.741198937930719,-25.031324252316242,-81.98395605697138,92.5,3.5797676372853253,0.05,0.009721040725708008,0.24321770668029785,0.02511934,0.013072326,-34.9528721805072,-0.9738331491325724,-0.6982288665610844,92.5,10000,1.5928282737731934,0.08063289241078044,0.07897952364175395,-31.564010032833398,100.0
287,22.22765851020813,-34.47237001987809,7.429148015885092,-25.652938384282283,-81.04113202679538,92.5,3.26719939124263,0.05,0.009505510330200195,0.2756662368774414,0.024959793,0.013226359,-34.90482196444429,-0.9693470242553224,-0.692170456183456,92.5,10000,1.5826210975646973,0.09809274174798739,0.09613939120556546,-32.90210049943794,100.0
288,21.92007875442505,-35.843439956340276,8.570714773696661,-24.30397837813759,-80.20625219603679,87.0,3.2080518337862878,0.05,0.00890660285949707,0.24670958518981934,0.025152877,0.014611666,-34.998683763633885,-0.9858477607377091,-0.7196075977599257,87.0,10000,1.5775201320648193,0.12310111637940756,0.11864835285898265,-31.48283792384663,100.0
289,22.323479890823364,-34.83904005912532,7.742861182690482,-25.17800426257272,-82.55441152985583,91.0,3.678536071243548,0.05,0.009123563766479492,0.2619211673736572,0.025267191,0.013746039,-34.98271939318303,-0.9728487989754687,-0.6995391377383311,91.0,10000,1.625159740447998,0.10341021235051472,0.10039084323098375,-31.161032436195704,100.0
290,22.645822048187256,-34.45366923757517,6.454631499315845,-24.403822529016036,-63.57268113812561,93.0,3.550882825673921,0.05,0.009364128112792969,0.2572164535522461,0.024896586,0.014053649,-34.92981437762224,-0.9693587997746053,-0.6918349129948161,93.0,10000,1.5452625751495361,0.06964863932462959,0.06657739590054254,-32.252209695572894,100.0
291,22.19672465324402,-34.49998397569063,6.195894739293194,-24.620779944109085,-70.83068614267349,92.5,3.3343118969956245,0.05,0.008904457092285156,0.25307798385620117,0.025011694,0.015042268,-34.88683133742908,-0.9703527061485308,-0.6927415888011619,92.5,10000,1.6035239696502686,0.06468972645254333,0.06455722827123216,-31.40691554714396,100.0
292,22.44283175468445,-35.41865991747216,8.053415552717599,-24.60323248696503,-71.26471263260423,87.5,3.632288194163013,0.05,0.009804964065551758,0.21815991401672363,0.026114041,0.012742466,-34.94001419543339,-0.9806312100398162,-0.7110185939219956,87.5,10000,1.5912513732910156,0.1095577981382862,0.10880785296591139,-31.2565552752968,100.0
293,22.049652814865112,-34.47311608296755,6.615818575118933,-24.144131836941266,-69.80759910883295,94.5,3.653889981940798,0.05,0.009065389633178711,0.23824071884155273,0.023769796,0.013463895,-34.89332438418681,-0.9689502872937742,-0.6921840577292252,94.5,10000,1.5758674144744873,0.07204564735220136,0.0683364460657582,-31.701757439715767,100.0
294,22.13448739051819,-34.98874511157601,7.622443515201523,-24.033697625469777,-73.44331009223733,91.0,3.3482855937841793,0.05,0.009275197982788086,0.24405646324157715,0.024691876,0.0138648525,-34.90286645692573,-0.9760600959017139,-0.702542664922432,91.0,10000,1.5960183143615723,0.10446055127232294,0.10370866449360873,-31.59694976749197,100.0
295,22.210663557052612,-34.37127085705641,5.617702708029953,-24.238499124218972,-60.12468542487659,92.5,3.8313997309070307,0.05,0.008925914764404297,0.23492431640625,0.02411441,0.013410601,-34.8497068969388,-0.9693052980816357,-0.6901898562634446,92.5,10000,1.551476240158081,0.05738298273481631,0.04904911797432399,-35.707156306784704,90.0
296,21.881495237350464,-34.65318424964971,7.334702804938862,-24.59979074303789,-70.60705637298334,91.0,3.9192070422587957,0.05,0.009672164916992188,0.2415461540222168,0.024957411,0.012589284,-34.830054632209894,-0.971535177435269,-0.6955831197889352,91.0,10000,1.5783932209014893,0.08614336590692369,0.0850662960146201,-32.47225390462986,100.0
297,21.999261379241943,-33.86134136822177,5.901482782360633,-23.887867740617793,-65.67526301205234,93.5,3.4557194184796063,0.05,0.009090900421142578,0.25409460067749023,0.02468727,0.014175449,-34.73318330581108,-0.9626202186942697,-0.6799904801981601,93.5,10000,1.5712497234344482,0.05732233475535693,0.05864224217734872,-35.81140245609509,90.0
298,23.356167554855347,-34.99132723974685,7.948405942016513,-24.66679741338129,-76.17080435551381,90.5,3.8200259224102444,0.05,0.00897979736328125,0.26406073570251465,0.025598047,0.012832886,-34.758997699204656,-0.9756334118878444,-0.7025451232210449,90.5,10000,1.5555155277252197,0.09817774361736098,0.09741958709552444,-32.04594933208021,100.0
299,22.226312398910522,-34.378112555457164,6.383154928401771,-24.63852800148152,-66.06961946255562,90.5,3.7439686633673657,0.05,0.008942842483520508,0.2560880184173584,0.024882004,0.012759003,-34.72090918482991,-0.9687571501930968,-0.6901371617144073,90.5,10000,1.5646979808807373,0.06730106652986804,0.0652884727368139,-32.176184307360536,100.0
300,21.95053720474243,-34.50920727312747,6.89342975898367,-24.28719650649237,-67.8775408816206,91.5,3.060928283861035,0.05,0.008773326873779297,0.24995708465576172,0.024782281,0.015779028,-34.699738993659665,-0.9706457161946611,-0.6927497610319402,91.5,10000,1.5616729259490967,0.07959351910442973,0.08377293212371228,-31.58515409209404,100.0
301,22.551107168197632,-34.64513602322013,7.075860877618268,-24.634971901725226,-69.2757183310086,90.5,3.3378657559371487,0.05,0.008647918701171875,0.23460030555725098,0.025391925,0.014826862,-34.69427869661571,-0.972243907476414,-0.695675006050096,90.5,10000,1.5730960369110107,0.08933835921804413,0.08485635520996147,-30.834340484967186,100.0
302,22.118308544158936,-34.599468331284946,6.485078757672512,-24.439406012506506,-64.17110516047532,91.0,3.159637336448545,0.05,0.009030342102050781,0.2510848045349121,0.025778305,0.015170288,-34.68479766008264,-0.9706451290982318,-0.6945240898959567,91.0,10000,1.5811767578125,0.06822421396141501,0.06921821261677025,-30.817286989442742,100.0
303,22.42902135848999,-34.69626873899567,7.796593799874505,-24.787084360148864,-82.2256271044315,90.0,3.2249409911977645,0.05,0.008899688720703125,0.25162458419799805,0.025329197,0.014619344,-34.68594476797394,-0.9728415714553431,-0.6964269529412229,90.0,10000,1.5890846252441406,0.11010327293540517,0.10871565074671302,-30.689606044765572,100.0
304,22.288716077804565,-34.136372320895596,6.669195678488242,-25.040481969178796,-83.54345786993147,94.5,3.2397302368718814,0.05,0.009567499160766602,0.2006373405456543,0.026144158,0.013897673,-34.630987523266114,-0.9637136473667348,-0.6852524409542307,94.5,10000,1.5891993045806885,0.07633061938454416,0.07819850001433531,-31.15371310186046,100.0
305,22.120266914367676,-33.323801643740296,5.165764908728119,-24.24564319731569,-58.780669589407395,95.0,3.573152693790347,0.05,0.008822202682495117,0.25269389152526855,0.024713568,0.013661298,-34.50026893531353,-0.9552664935130832,-0.6691103261747238,95.0,10000,1.5999770164489746,0.042192095069527924,0.04140699656859312,-31.50504156500504,100.0
306,22.382335901260376,-34.324122637005715,7.7302811626163095,-23.949748733613742,-78.93643412383219,92.0,3.6898160116035323,0.05,0.008772134780883789,0.25560998916625977,0.024967307,0.013143177,-34.48265430548275,-0.968852361313335,-0.6892502633146314,92.0,10000,1.5975723266601562,0.1008617323862805,0.09227046565471705,-31.50178823798318,100.0
307,22.73907446861267,-34.660288232834866,6.358191340782781,-25.40781980111216,-68.768861134015,94.0,3.814031334626511,0.05,0.009052038192749023,0.23944854736328125,0.026163148,0.011890894,-34.50041769821796,-0.9700137689244194,-0.6959664978340637,94.0,10000,1.6076009273529053,0.07302487072230236,0.07008077336796045,-32.005631298405916,100.0
308,22.67337155342102,-35.05580519903945,7.601575483220185,-25.016556380970208,-72.17154281572634,94.5,3.373451866101815,0.05,0.012964963912963867,0.2327120304107666,0.024742883,0.014253615,-34.55595644830011,-0.9773075517585075,-0.7039007629498093,94.5,10000,1.5968551635742188,0.09166172708436873,0.09138689722209865,-32.938143160650895,100.0
309,22.269097328186035,-35.24884164377838,7.100418248838541,-24.175537739525108,-78.6480842040895,95.0,3.6833856570849983,0.05,0.009313106536865234,0.2613546848297119,0.024391493,0.012485447,-34.625244967847934,-0.9796337955429383,-0.7077384891489751,95.0,10000,1.6290621757507324,0.08457934983803413,0.08470576359720319,-32.248138955812415,100.0
310,22.593879222869873,-34.77290514627809,5.7774628320145425,-23.771986564268687,-72.63343397156456,94.0,3.2923865063162756,0.05,0.009182929992675781,0.23571109771728516,0.024907963,0.015017964,-34.64001098569095,-0.9731711656792177,-0.6982386465339465,94.0,10000,1.5749497413635254,0.0587521748184212,0.05558805113250389,-35.290926350110055,90.0
311,22.132240533828735,-34.07244008083333,5.836316259684957,-24.172813255001486,-70.13690603313742,93.5,3.4759323755719302,0.05,0.00865936279296875,0.23988103866577148,0.025345666,0.013316732,-34.58325389520519,-0.9644513902590242,-0.6842290081852533,93.5,10000,1.567718267440796,0.056747048151473176,0.056163305435690467,-31.07132447736631,100.0
312,22.32780623435974,-34.60538035318515,7.219490509309923,-24.522929914918166,-73.0179716885386,93.0,3.9197784734053505,0.05,0.008794784545898438,0.24124670028686523,0.02520647,0.013257487,-34.585466541003186,-0.9711610709701798,-0.694873364454671,93.0,10000,1.6101648807525635,0.08589557321343598,0.08620146669108004,-31.36476889678185,100.0
313,22.62958598136902,-35.07331751699611,8.386415428307847,-23.86779660289463,-76.23473612118501,91.5,3.1829524483762017,0.05,0.008965253829956055,0.24278736114501953,0.025016386,0.0153612215,-34.63425163860248,-0.9768176597757747,-0.7042403412420899,91.5,10000,1.6062512397766113,0.11268006032719262,0.11127650368251034,-31.138251508152127,100.0
314,22.228601694107056,-33.30047014957805,6.035694000864268,-24.19473315295964,-82.4200146926378,94.5,3.308795566833624,0.05,0.009213447570800781,0.24689078330993652,0.024527963,0.013779647,-34.500873489700034,-0.9549526501163063,-0.6687893865822345,94.5,10000,1.6534717082977295,0.06399918134987176,0.06264512827978563,-31.17674441046317,100.0
315,22.23032832145691,-33.45381729539388,5.4206275299477,-24.023039642018453,-66.43166870122066,93.5,2.778918483776817,0.05,0.009792566299438477,0.2554638385772705,0.024691677,0.017545087,-34.39616787026942,-0.9565329534177854,-0.6717997568399673,93.5,10000,1.57142972946167,0.04898205896964043,0.04832489828767094,-31.480285542993897,100.0
316,22.337502002716064,-34.39089611410417,7.283873178486318,-24.227462029847846,-81.48540757682353,94.0,3.4041681579701795,0.05,0.008701562881469727,0.2369544506072998,0.026505746,0.012426213,-34.3956406946529,-0.968758740162232,-0.6905606836719383,94.0,10000,1.5696673393249512,0.09015849201921877,0.08963373217566213,-31.04525916222429,100.0
317,22.012269735336304,-35.12616231529394,8.308709127589113,-24.862810646359204,-76.04071891747857,89.0,4.25286922745147,0.05,0.009087562561035156,0.2853071689605713,0.025321892,0.0116848955,-34.468692856717006,-0.9773454916625391,-0.7052133616079388,89.0,10000,1.5761704444885254,0.12043354379448859,0.11426480438051388,-31.337096804669983,100.0
318,22.006426095962524,-34.831987262775364,7.884721082509391,-25.160724295214536,-74.07268917271426,87.5,2.675864577516485,0.05,0.009548187255859375,0.23601198196411133,0.025047524,0.017845564,-34.505022297322846,-0.9742917853207261,-0.6993278669226223,87.5,10000,1.5707488059997559,0.10154684569706186,0.09673789681450412,-35.01103723614177,90.0
319,22.143568515777588,-34.29803171548697,6.342244151872804,-24.74241631501945,-73.42810105326879,89.0,3.4953564369944234,0.05,0.009093046188354492,0.2506253719329834,0.024478663,0.012737099,-34.48432323913926,-0.9683486826549295,-0.6887102242570973,89.0,10000,1.5660369396209717,0.06632473922064452,0.06562779896360654,-31.647851323774404,100.0
320,22.287837028503418,-34.305697191179554,6.42215917343745,-23.935985822548577,-62.00298486754248,89.5,3.443909131304027,0.05,0.010208845138549805,0.23551034927368164,0.02392591,0.014057689,-34.46646063434329,-0.9676906750883703,-0.6888469515709462,89.5,10000,1.5541799068450928,0.06367920471385136,0.0630082656138592,-31.44220547301835,100.0
321,22.254404544830322,-34.14515053714949,5.605217074294172,-24.549919100322676,-58.99727791242133,92.5,3.2766186441769283,0.05,0.008856058120727539,0.20715975761413574,0.025209699,0.014200166,-34.43432962462391,-0.9661011565317636,-0.6854978309702079,92.5,10000,1.5749351978302002,0.0479751185406672,0.04723042111382195,-31.600880224964065,100.0
322,22.24333643913269,-33.536254700194405,5.372311800410004,-24.060731012160566,-62.58331470347793,92.0,3.4973128591224953,0.05,0.009510040283203125,0.21271657943725586,0.025129365,0.013432857,-34.34452213218096,-0.958361319188345,-0.6734824135443215,92.0,10000,1.5755586624145508,0.046773984911449684,0.046542367034165595,-30.901479318571024,100.0
323,22.514722108840942,-34.07155480761413,5.7490661209460665,-24.818751275726505,-71.50212368541118,94.5,3.767289234087515,0.05,0.009584903717041016,0.23601436614990234,0.02492907,0.012429988,-34.31722539972428,-0.9644020427361554,-0.6841872140476595,94.5,10000,1.5781540870666504,0.05366079448702339,0.0533780322942215,-31.748586417585834,100.0
324,22.060258150100708,-35.10226944297798,7.2462594457855625,-23.780339233078614,-75.93724566436396,89.5,4.583112331281447,0.05,0.008995294570922852,0.2552194595336914,0.024721025,0.010527372,-34.39572980404965,-0.9756394310979439,-0.7047099136627816,89.5,10000,1.5984201431274414,0.09457719323246053,0.0884362613479454,-31.6160751722012,100.0
325,22.19677424430847,-34.257861430568525,6.1832943708392865,-24.210136747519904,-67.19341339440126,91.5,3.427585810105703,0.05,0.009022235870361328,0.25810885429382324,0.025237894,0.014398655,-34.38194296670154,-0.9653411584623102,-0.687927282453186,91.5,10000,1.6112895011901855,0.062177013703465685,0.0610281496024478,-31.491532257682813,100.0
326,22.350144147872925,-35.30659717244596,6.883919875946873,-24.001647346037647,-66.48394469177961,90.5,2.8275282239929957,0.05,0.009165763854980469,0.2491772174835205,0.024865692,0.01734352,-34.47440838727598,-0.9784182539662518,-0.7088603315844825,90.5,10000,1.6078102588653564,0.07254188414139692,0.07192748319150329,-30.627358207539572,100.0
327,22.089506149291992,-34.571216182247674,6.943552798240877,-24.38045624894894,-70.41104185513846,92.0,4.444210003342325,0.05,0.009267091751098633,0.24776864051818848,0.024730984,0.011232252,-34.484089166773146,-0.9707539364868196,-0.6941794073911125,92.0,10000,1.6238586902618408,0.07640935267329724,0.07600297009829207,-32.96341285911553,100.0
328,22.265564680099487,-34.257048306830214,7.037763485472472,-24.14900935958299,-74.28317748818762,92.5,3.1119478864501344,0.05,0.008825540542602539,0.24158811569213867,0.025437493,0.017048612,-34.461385080778854,-0.9678734953458091,-0.6877568101971901,92.5,10000,1.5814006328582764,0.09617745650767057,0.0941091094055182,-31.083919946911504,100.0
329,22.382145881652832,-34.491760735249144,8.0510609770541,-23.962730505097877,-71.5938961736927,91.0,3.6881628935186055,0.05,0.009554862976074219,0.24163556098937988,0.024111684,0.011505307,-34.464422646225884,-0.9700403780567045,-0.6924823662736336,91.0,10000,1.587371587753296,0.10547930175190698,0.10414208842872234,-33.82144792087091,90.0
330,21.990032196044922,-34.700830739288605,7.649152957022474,-24.10468104655033,-83.254313154889,92.5,3.170669471966929,0.05,0.00903010368347168,0.23563766479492188,0.024585202,0.015434246,-34.488063455532156,-0.9726138248416034,-0.6967593931781828,92.5,10000,1.6030263900756836,0.09189451335049909,0.09242580785483244,-30.74553682424223,100.0
331,22.446186542510986,-34.48803715346739,6.991940939476294,-24.494759191591235,-73.96236622238466,91.5,3.939330197404632,0.05,0.009055614471435547,0.2643163204193115,0.023651656,0.010894542,-34.48806082532568,-0.9686298279855147,-0.6921949668912488,91.5,10000,1.57810640335083,0.08285724693391223,0.08240036001212957,-30.88418856061681,100.0
332,22.00363326072693,-35.509850908266095,9.132337357356377,-24.800214439697196,-78.66861966485708,89.0,3.214023533188869,0.05,0.008704423904418945,0.24518299102783203,0.025059009,0.014804676,-34.59023983361973,-0.9826958391356218,-0.7129665333498018,89.0,10000,1.559605360031128,0.13749624527439405,0.1390928306112721,-31.049120478312425,100.0
333,22.223256587982178,-33.203837877722115,6.115145586557149,-24.179254892557093,-69.9743582311433,92.0,3.968938998523068,0.05,0.008644342422485352,0.25140953063964844,0.023684835,0.012212548,-34.45159963802996,-0.9548504864787969,-0.6668299947731946,92.0,10000,1.5700170993804932,0.06368084435363443,0.06211727747225178,-30.83305719367298,100.0
334,22.775283098220825,-34.502594840644726,8.597756728352888,-23.889974291604233,-81.5529550846159,90.0,3.928535884447254,0.05,0.008892536163330078,0.23601269721984863,0.025895752,0.012286457,-34.456699158291435,-0.9690667338196497,-0.6928155787178624,90.0,10000,1.5708656311035156,0.12393546725019762,0.1178435351584221,-30.22151121406476,100.0
335,22.524202823638916,-34.61112809078506,8.261543977256231,-23.77077554462861,-73.08160126828649,90.0,3.457311878196076,0.05,0.00952601432800293,0.23715782165527344,0.024582416,0.013138183,-34.4721420515408,-0.9705561819689421,-0.6949377438484012,90.0,10000,1.5574443340301514,0.11282975143966176,0.11236705867410922,-30.745716239609397,100.0
336,22.05272936820984,-34.36793136142077,8.055738073063992,-24.143435097437205,-80.51231711063383,92.5,3.2038846256304074,0.05,0.008999347686767578,0.2489471435546875,0.023520691,0.015206244,-34.461720982528796,-0.9682876314958474,-0.6899268616241631,92.5,10000,1.5661742687225342,0.10625339243919421,0.10584790611262261,-31.219125551067066,100.0
337,22.7198166847229,-33.64753588020306,5.584394541237734,-24.466741972529682,-71.26116352090621,93.5,3.3826945600827325,0.05,0.008969545364379883,0.2516145706176758,0.02509324,0.013783572,-34.38030247229622,-0.9597671863592544,-0.6755822220056262,93.5,10000,1.5699188709259033,0.05409847272229112,0.05131456118176007,-33.40944194462334,90.0
338,22.261759042739868,-34.342759829078375,7.539016853734357,-24.21067771568222,-73.05942242839093,86.5,3.098215586751337,0.05,0.008797168731689453,0.2234327793121338,0.024851698,0.015845777,-34.37654820797444,-0.9687123526316965,-0.6895918016596835,86.5,10000,1.552534818649292,0.09299785761512597,0.09193262090144112,-31.256903750972942,100.0
339,22.299957513809204,-33.64952107496904,7.870300590354096,-24.328521551031805,-75.03882972685325,89.0,3.730810280459365,0.05,0.008931875228881836,0.24307608604431152,0.026265774,0.013027505,-34.303845494673894,-0.9603921228853628,-0.6757385467618101,89.0,10000,1.5566532611846924,0.10298518349859875,0.10219482177008202,-31.351637777192742,100.0
340,22.221781730651855,-34.32764476180646,6.340785435446554,-24.49569782522455,-71.04436046188817,93.0,3.147601252246922,0.05,0.009327173233032227,0.2207622528076172,0.025106145,0.015054805,-34.306225421387154,-0.968089890280168,-0.6891477726607397,93.0,10000,1.5607097148895264,0.0706142830060063,0.06644463226663004,-34.01436273926639,90.0
341,22.80682945251465,-34.72953904582684,8.737979885849295,-23.478258146624576,-84.59210462287372,90.5,3.754900334589102,0.05,0.009475469589233398,0.2137153148651123,0.024948316,0.012848863,-34.34855678383112,-0.9715417850180144,-0.6973639188446,90.5,10000,1.5592544078826904,0.12594690690909988,0.12372805462433176,-31.30531254974568,100.0
342,22.310705184936523,-34.745165533376465,8.729300114180075,-23.71193225245739,-84.42160730000263,88.0,3.439393398085915,0.05,0.00888371467590332,0.20625638961791992,0.025213206,0.013768413,-34.388217658785656,-0.9718909989703655,-0.6974115229699835,88.0,10000,1.566389799118042,0.11924942328875536,0.11800792899336128,-31.687674512565316,100.0
343,28.29503107070923,-34.92128292878384,7.53525229714273,-23.653237671844884,-72.42993834913182,87.0,4.080491564725247,0.05,0.008706331253051758,0.20414519309997559,0.024238016,0.011553843,-34.441524185785475,-0.9743966814829156,-0.701097467117692,87.0,10000,1.587805986404419,0.08706917334380347,0.0858743010494554,-31.025812560523168,100.0
344,22.58374524116516,-35.2623153137934,9.46559798561418,-24.03882542918153,-84.53445719050538,86.5,3.442469411142419,0.05,0.008994340896606445,0.24654626846313477,0.02422643,0.0138983,-34.523603298586266,-0.979991287425519,-0.7079437345936267,86.5,10000,1.5880258083343506,0.14678012408427143,0.14518940167980832,-33.82815262489152,80.0
345,22.0642352104187,-34.09877646748469,5.254557816223938,-24.330664130174462,-56.02328357069904,90.0,3.7809476447729096,0.05,0.009221076965332031,0.2655777931213379,0.024811495,0.013735747,-34.48112061547611,-0.9648244506061977,-0.684724049831683,90.0,10000,1.6005299091339111,0.05157451308728407,0.044072511564967484,-32.01238999236658,100.0
346,21.970439195632935,-33.66199460146962,5.480956425758912,-24.510209167491396,-75.38426089426659,92.5,3.2420730735411967,0.05,0.008970022201538086,0.2609522342681885,0.02505923,0.015408426,-34.399208014075455,-0.9591394398408807,-0.6759924306679495,92.5,10000,1.5957670211791992,0.047461320178884756,0.046813723947040364,-32.11762592791279,100.0
347,22.60210156440735,-33.88339691243799,6.436581490229425,-24.301193630765223,-78.8763631936325,95.0,4.358886894872982,0.05,0.009016036987304688,0.22206950187683105,0.024739726,0.010591145,-34.34762690391171,-0.9622817127657938,-0.6803999886996146,95.0,10000,1.5736494064331055,0.06872855807176537,0.07100279124504096,-30.790965529442122,100.0
348,22.235870122909546,-34.23461332994919,7.972483709992478,-24.110733624052287,-73.85958789668818,90.5,3.4313027619020224,0.05,0.008833646774291992,0.23239946365356445,0.02538995,0.014927481,-34.33632554651546,-0.9671696319929469,-0.6873448733870642,90.5,10000,1.5969862937927246,0.10555398619910843,0.10329335389566173,-30.90539163279277,100.0
349,22.515341758728027,-33.03154783597018,5.684152955633114,-24.010587154667085,-59.88413373082355,93.0,2.889627163601308,0.05,0.009166717529296875,0.2217237949371338,0.02483413,0.015556205,-34.20584777546093,-0.9519189193900093,-0.6634114737055055,93.0,10000,1.5769600868225098,0.06054046789352167,0.05553447039764172,-31.113515517787437,100.0
350,22.324906826019287,-34.06585343390781,7.615502266303119,-24.033349104488305,-74.03232823839751,92.0,4.01984210138166,0.05,0.008967876434326172,0.25450778007507324,0.024763515,0.010580917,-34.19184834130562,-0.9656659195555253,-0.6840903203816984,92.0,10000,1.5439989566802979,0.09476523893568536,0.09051837146920513,-31.821898328046842,100.0
351,21.884596586227417,-33.584976068237445,5.792991276397737,-23.731700111054842,-81.21668008657785,94.0,3.4551603395293684,0.05,0.008750200271606445,0.22279071807861328,0.025921665,0.014878089,-34.13116111399881,-0.9593946418697952,-0.6744793863451929,94.0,10000,1.5679378509521484,0.05456007992051236,0.05428259785700639,-31.006060838673527,100.0
352,21.9911150932312,-33.98533773007943,7.2440804227948385,-24.27681854548809,-81.46868217811266,92.5,3.972496633933146,0.05,0.009190559387207031,0.226121187210083,0.024388945,0.011650587,-34.11657877560687,-0.9628902733191108,-0.6824743366667374,92.5,10000,1.5804975032806396,0.09472933716902135,0.09207547284113426,-32.59952317966318,100.0
353,22.143224239349365,-33.75494687955556,6.8222808774110595,-23.905502680582465,-84.7648625880961,94.0,3.3536539524033504,0.05,0.009200334548950195,0.28261590003967285,0.02572019,0.014284377,-34.08041558600174,-0.960653968614945,-0.6777933439738496,94.0,10000,1.590003252029419,0.07734889183807858,0.07647532098317754,-30.62227220495607,100.0
354,22.336564779281616,-33.83191058787676,5.760314606539687,-24.226995961404974,-71.5717262919767,94.0,3.9183376174820213,0.05,0.008641242980957031,0.23630285263061523,0.02489944,0.01233518,-34.05556508618924,-0.9609564822555012,-0.679318660658079,94.0,10000,1.5961322784423828,0.06438955314972927,0.06506867386364186,-32.40120021001065,100.0
355,22.43543839454651,-33.30925850105995,6.185039457576916,-23.461726440371965,-63.59199507389787,93.0,3.7532263003658546,0.05,0.008713245391845703,0.23372364044189453,0.023671366,0.013772921,-33.98093442767632,-0.9548710507381557,-0.6689492868746669,93.0,10000,1.5652313232421875,0.06244690200550509,0.060299574789689045,-32.91497501824121,90.0
356,22.1612491607666,-33.869726892729936,8.081090929313929,-23.970486994550097,-80.53347570819462,93.0,3.4630489744137365,0.05,0.009069681167602539,0.25205421447753906,0.024530387,0.013943067,-33.96981367418168,-0.9605511817466958,-0.6801565162322037,93.0,10000,1.5618715286254883,0.1068764917083455,0.10627244334216922,-31.837922197254397,100.0
357,22.02491569519043,-33.95798386556072,7.635676601674938,-23.242276418395786,-80.16143164592557,92.0,3.22627031043497,0.05,0.008888959884643555,0.2531321048736572,0.02495592,0.014980518,-33.96863069331958,-0.963372886157288,-0.681908773595849,92.0,10000,1.5528666973114014,0.0905255217072144,0.09015423788800299,-35.878808605299824,90.0
358,22.062811136245728,-33.062507435692844,5.9036065637699835,-24.405054531137075,-76.47080201906843,97.0,2.9575975541850528,0.05,0.008888959884643555,0.2260890007019043,0.026438693,0.01483503,-33.87801836755691,-0.9530076804160236,-0.664031974624688,97.0,10000,1.570347547531128,0.06064345331571322,0.05219731357738603,-31.48783505465903,100.0
359,22.547011375427246,-34.00024055589478,7.345707785570564,-24.514206237361044,-79.089825440105,89.5,3.325808865766538,0.05,0.009029626846313477,0.22705864906311035,0.024793932,0.013879336,-33.890240586390696,-0.963314810111589,-0.6827291886386007,89.5,10000,1.5826802253723145,0.08874555932243534,0.08523211645335892,-31.189037926897033,100.0
360,22.35706639289856,-33.62003972471705,6.955976622413624,-24.042956402291562,-67.51943648321229,93.0,3.5811932031457556,0.05,0.009901046752929688,0.2506883144378662,0.024879722,0.013467849,-33.863220500223335,-0.9581769967999161,-0.6751479462552301,93.0,10000,1.6375327110290527,0.07424733656796657,0.07379786851689583,-31.88416502076808,100.0
361,22.639785051345825,-34.13794298369469,7.263869110087395,-23.940513483369465,-69.01462315322918,91.0,3.140754009364438,0.05,0.009953498840332031,0.2518906593322754,0.025067953,0.014963194,-33.89069274857047,-0.9653053315457789,-0.685492151844117,91.0,10000,1.5637702941894531,0.08255383736833373,0.08266571309348711,-31.190540198668366,100.0
362,22.688324451446533,-34.659823944676376,8.820819739892668,-23.65955872055127,-80.6179997857043,87.0,3.4285682464176808,0.05,0.008983373641967773,0.27456140518188477,0.025044031,0.0131648285,-33.96760586818107,-0.9732152396924849,-0.6959358522582089,87.0,10000,1.604163646697998,0.13202592792048665,0.1275951034798997,-31.419778983196988,100.0
363,21.99175524711609,-33.83387759004651,6.7300036680359785,-24.081677377331673,-68.47838814473825,91.0,3.8375777723146323,0.05,0.009175300598144531,0.2666506767272949,0.025835773,0.012436377,-33.95423304036761,-0.9610966760819601,-0.6791733022270197,91.0,10000,1.6168577671051025,0.07519034039063636,0.072924874189591,-38.504398677055455,80.0
364,22.11541223526001,-33.785344385985894,6.721525044886747,-23.801315314248527,-68.80114341058028,90.5,3.2239498385874206,0.05,0.008825540542602539,0.2411479949951172,0.02475208,0.014035765,-33.93734417492944,-0.9595907268005448,-0.6783768981377358,90.5,10000,1.5821921825408936,0.0688500776097666,0.06878498874408558,-31.69229849115492,90.0
365,22.433902740478516,-34.00012545611921,8.639240846152882,-23.767018846703422,-81.71311865999625,92.5,2.752793328051488,0.05,0.008910417556762695,0.24475741386413574,0.02517787,0.01900047,-33.94362230304842,-0.9642851212221514,-0.6826095908195433,92.5,10000,1.611478567123413,0.12242112943483477,0.11973167323656861,-34.085595231185295,90.0
366,22.22846746444702,-33.570557899538066,7.1196409950207755,-23.45375449604269,-78.18284297800119,89.5,2.9443324916698708,0.05,0.008741378784179688,0.25751757621765137,0.024997741,0.016741987,-33.90631586269738,-0.960211437888299,-0.6741771279878367,89.5,10000,1.5845160484313965,0.08339635237922909,0.08230751368296527,-31.432065968414356,100.0
367,22.09746527671814,-34.233276588620896,7.095457733129199,-24.140741139345593,-76.40681633301178,89.0,4.308849667605364,0.05,0.008552074432373047,0.22754287719726562,0.024947345,0.011846085,-33.939011935289734,-0.9667935023093842,-0.6873397261872768,89.0,10000,1.615973711013794,0.07806734944750705,0.07531340094700892,-31.48798758917159,100.0
368,22.261910438537598,-35.330072780327285,9.012339653034271,-23.629068911911485,-77.76950642930203,85.0,4.0354150396285915,0.05,0.00937795639038086,0.25344252586364746,0.024703978,0.012027686,-34.07811801979349,-0.9805130462800128,-0.7092793459320538,85.0,10000,1.634566068649292,0.1467949623289388,0.139155539596326,-35.53691156955254,90.0
369,22.0011043548584,-34.27546651187967,7.339789498700738,-24.23515792358641,-75.64856315904782,92.0,3.3390813918300557,0.05,0.00928354263305664,0.2465968132019043,0.024219079,0.013546045,-34.09785286900211,-0.966559775468036,-0.6880624276338161,92.0,10000,1.641455888748169,0.08982416474809236,0.08878435197626394,-31.018934571857812,100.0
370,22.119757175445557,-33.23814686475028,6.601239684310294,-23.685438925033836,-70.7583793370988,93.5,3.0372329913340277,0.05,0.00894784927368164,0.23829340934753418,0.026137298,0.015792672,-34.011882268576926,-0.9548450217269998,-0.6672836897719554,93.5,10000,1.6425623893737793,0.06990311983089782,0.06850177902041597,-31.444743375748107,100.0
371,22.16250967979431,-33.485141085734824,6.662161658297159,-23.437464182803957,-72.86395085221085,91.0,3.6680638254110103,0.05,0.00884246826171875,0.26120424270629883,0.024704365,0.014109331,-33.95920815029272,-0.9568782571858211,-0.672351257643458,91.0,10000,1.5950214862823486,0.07106015921600536,0.0709404599168724,-32.98646375222356,100.0
372,21.985519409179688,-35.00214204904649,8.76202469833142,-24.279663657351094,-81.9849489066512,89.0,4.127223998345834,0.05,0.009082555770874023,0.22589898109436035,0.024951382,0.012141704,-34.0635015401681,-0.9745103932139623,-0.7027882686005029,89.0,10000,1.6002330780029297,0.13973950931153495,0.13221246061154107,-31.600372164349046,100.0
373,22.359543800354004,-33.879009986183675,7.98615105043999,-23.497542791341413,-83.95912867216234,91.0,2.901013056790526,0.05,0.009399890899658203,0.27515339851379395,0.02488238,0.015959943,-34.045052384769654,-0.9616558949186438,-0.6803379544046121,91.0,10000,1.6596944332122803,0.10174492832809347,0.09721496405445647,-31.004276344793784,100.0
374,22.59920573234558,-33.86486678997555,6.669925561836604,-23.882173511160342,-70.61421088140949,91.0,4.028871982202081,0.05,0.009321451187133789,0.224808931350708,0.026692497,0.011915764,-34.027033825290246,-0.9617122804369579,-0.6800393347074835,91.0,10000,1.639040470123291,0.07615397907086754,0.07593428371077297,-32.36538533381004,100.0
375,21.869916200637817,-33.23031975590371,5.886961384890971,-24.13553187321289,-71.42020823321181,95.5,3.5616774833133635,0.05,0.010214567184448242,0.2535712718963623,0.025128907,0.012705504,-33.947362418351595,-0.9546105305647565,-0.667377304259514,95.5,10000,1.6143138408660889,0.05549197820423335,0.05424168072855439,-31.741621587859402,100.0
376,22.282830715179443,-33.914806717824064,7.28424449443333,-23.711860131342455,-70.91324134963885,92.5,3.337503539866095,0.05,0.009029388427734375,0.2507772445678711,0.024593618,0.013710319,-33.944106848298844,-0.9629260926424373,-0.6810859951296416,92.5,10000,1.6076648235321045,0.09078567612264113,0.08962481603519526,-31.644446489897497,100.0
377,22.226155519485474,-33.90563232831595,6.845808730498923,-24.158927666361713,-74.1644871996654,92.5,3.40961497369227,0.05,0.009244203567504883,0.246659517288208,0.025572464,0.0133908335,-33.940259396300554,-0.9632489078605144,-0.6808669594856341,92.5,10000,1.6123607158660889,0.07352445450666661,0.07355391418348325,-33.1514604071207,100.0
378,22.08655309677124,-34.08000435826641,7.021014292429306,-23.932121261679974,-66.88876353451373,89.5,4.003835226453757,0.05,0.008849143981933594,0.23309087753295898,0.025572749,0.011758403,-33.95423389249714,-0.9640589442202454,-0.6843734116948391,89.5,10000,1.5872056484222412,0.08993097560814337,0.08712188336528806,-34.71188754141228,90.0
379,22.064083576202393,-33.01557703009799,5.633434631455489,-23.929114808765902,-61.63375421697418,96.0,3.8935900217481514,0.05,0.008883476257324219,0.27783703804016113,0.025288682,0.012550563,-33.86036820625723,-0.951559391943269,-0.6630818081246836,96.0,10000,1.5672087669372559,0.05751570906968138,0.05313385657316465,-31.99076250405853,100.0
380,22.39038062095642,-33.98118329514501,6.191117001657614,-24.07058144249987,-68.16599021909222,93.5,3.2310910886874886,0.05,0.009035110473632812,0.23363876342773438,0.025101986,0.014727682,-33.872449715146004,-0.9637813283163601,-0.6823510229287975,93.5,10000,1.5862672328948975,0.06548175971401426,0.0613881034254863,-34.36802450637755,90.0
381,22.123743534088135,-33.414232913868126,6.526881338437867,-24.283201169856454,-70.74566655337748,94.5,3.1582250889545787,0.05,0.008611679077148438,0.23641538619995117,0.02430687,0.014802926,-33.82662803501822,-0.9564076030057646,-0.6710569229357626,94.5,10000,1.543280839920044,0.07667893152614565,0.07658283296519164,-30.722760243204373,100.0
382,22.1156063079834,-34.47774849271526,7.733962539796291,-25.06760162619037,-69.0294693141909,89.5,3.778469517238098,0.05,0.00940704345703125,0.2390761375427246,0.026760982,0.013404013,-33.891740080787926,-0.9697996534304942,-0.6922803692500018,89.5,10000,1.5507938861846924,0.10270601423588638,0.10070081281970507,-31.409618647863454,100.0
383,22.34564781188965,-33.68168758294382,5.567532551287809,-24.10504874640799,-61.05676306014472,95.0,3.5219485526682317,0.05,0.008776426315307617,0.2557690143585205,0.02384902,0.014667161,-33.87073483100352,-0.9598056657591818,-0.676390125735115,95.0,10000,1.5937755107879639,0.04925602071419585,0.04629642399733112,-32.023323592723315,100.0
384,22.08854651451111,-33.973924105649814,7.12149597792134,-24.36291802923784,-68.31531237393781,91.5,4.097322239977914,0.05,0.00877523422241211,0.22431254386901855,0.024758508,0.011886987,-33.88105375846815,-0.9637144178415662,-0.6822546984892235,91.5,10000,1.5779056549072266,0.08879152949964865,0.08593410672431116,-31.006331668266046,100.0
385,22.293964385986328,-33.495269155471036,5.415686783126107,-25.002115745374738,-64.13913080684287,95.0,3.266619438168002,0.05,0.009261608123779297,0.21999859809875488,0.024862932,0.013671103,-33.84247529816844,-0.9569216099339231,-0.6726381345146542,95.0,10000,1.5857398509979248,0.0471754363526676,0.04649551876194778,-30.497963438843367,100.0
386,22.146725177764893,-34.20593762106936,6.844253894435017,-24.89975316698617,-65.84640819152452,92.0,4.744489043186569,0.05,0.009043216705322266,0.22770023345947266,0.023875935,0.010505183,-33.87882153045853,-0.9662546834322707,-0.6865436833118349,92.0,10000,1.594109058380127,0.0798355281605045,0.07462755784871931,-37.11376202745745,90.0
387,22.111459255218506,-33.39363678447461,5.901557674592967,-24.98961609808306,-62.474707980429805,91.5,3.2159946752200192,0.05,0.009339094161987305,0.24394607543945312,0.022410423,0.0149833355,-33.83030305586014,-0.9557597574106671,-0.6706289480311299,91.5,10000,1.5965149402618408,0.05822977234327473,0.057620007699297746,-30.78534534351484,100.0
388,22.367825746536255,-33.41467934256186,6.569678110056464,-23.909880378642463,-83.4595164978388,94.5,3.7563998730737924,0.05,0.008988380432128906,0.2451176643371582,0.02454544,0.012377374,-33.78874068453031,-0.9563486812652946,-0.6710779746973949,94.5,10000,1.589496374130249,0.07581253176413814,0.07525203640739743,-32.86173075541039,100.0
389,22.298548460006714,-33.659861487506994,6.265390768695563,-24.386875477319364,-69.37368634879726,95.5,2.9611722951795487,0.05,0.008826732635498047,0.23924994468688965,0.025627185,0.016723568,-33.77585276482798,-0.9591933151322798,-0.6758729588793115,95.5,10000,1.6424236297607422,0.058949591610705225,0.058152893104702036,-31.51455902345438,100.0
390,23.253995418548584,-33.72500406186578,5.907133755160029,-23.61486000829619,-60.36745974320544,93.0,4.590613886051022,0.05,0.008987665176391602,0.24234580993652344,0.025077607,0.009478499,-33.77076789453176,-0.9602775885129853,-0.6772622683259456,93.0,10000,1.6012542247772217,0.05548649610967709,0.05453302025159745,-34.02321518035122,100.0
391,22.090179920196533,-33.504553576739355,5.723327531210094,-24.328329076479918,-68.17671502607217,95.0,3.232090573803413,0.05,0.008926630020141602,0.23107457160949707,0.024422947,0.01478305,-33.74414646275252,-0.9572766187017413,-0.6728634467742637,95.0,10000,1.5825436115264893,0.05124817050957457,0.050643500685065235,-33.07428310628681,100.0
392,22.042238473892212,-34.174693385723565,7.347163010909743,-23.840456185516278,-83.85824042843574,90.0,3.549570918385623,0.05,0.012798547744750977,0.26610565185546875,0.026217487,0.0133946715,-33.78720115504962,-0.9656491140444027,-0.6862539073336202,90.0,10000,1.5729660987854004,0.08597107330838007,0.08270730538388903,-31.738522868200068,100.0
393,22.298418760299683,-33.77143615491334,7.074914647200352,-23.71800640468318,-80.45335817825843,92.5,3.1714754597510297,0.05,0.009149789810180664,0.2202441692352295,0.024741072,0.014828914,-33.785624655035996,-0.9616514534714821,-0.6782053752222374,92.5,10000,1.57668137550354,0.07464488204547996,0.07507527983409187,-33.53900235630688,100.0
394,22.01582932472229,-33.636690101696885,5.8342050768126725,-23.940037673976924,-75.44185704259134,96.5,3.611903944772477,0.05,0.009146690368652344,0.2571117877960205,0.024988871,0.014427592,-33.770731199702084,-0.9592605487818358,-0.6754852302830426,96.5,10000,1.5871706008911133,0.05134895576561586,0.049167061503910967,-31.62937458998336,100.0
395,22.174225330352783,-34.70960215867442,6.865327323920891,-24.05766072497369,-67.91087359906642,92.0,4.10690999506184,0.05,0.009279966354370117,0.2397317886352539,0.024792287,0.0120501015,-33.864618295599314,-0.9714620682513703,-0.6969440706193929,92.0,10000,1.6082963943481445,0.07159738404506627,0.0699477706145084,-32.0497269140417,100.0
396,22.324902534484863,-33.41684523797282,5.140811626810247,-24.29429850122041,-64.25665698901359,96.5,3.910128898943912,0.05,0.010059833526611328,0.24054670333862305,0.026085477,0.011958754,-33.81984098983666,-0.9566649464702506,-0.6710892134439302,96.5,10000,1.5814478397369385,0.04165554637903178,0.039007781308145285,-32.50676075550034,100.0
397,22.048365354537964,-33.944900454749614,6.515250681876224,-24.056097019918735,-66.79344490154735,94.0,3.3958542575591366,0.05,0.009234905242919922,0.23479676246643066,0.025408894,0.014047563,-33.83234693632796,-0.9636630079280557,-0.6816417905970076,94.0,10000,1.630293846130371,0.07029268975758556,0.06860001817255931,-31.81861249656791,100.0
398,22.091272592544556,-33.62908726381976,5.4271793502696095,-25.33995356376347,-66.05035311745335,94.0,3.1372075545561726,0.05,0.008923530578613281,0.23843073844909668,0.0249786,0.015724903,-33.81202096907714,-0.9591826675769259,-0.6753543670078863,94.0,10000,1.5771186351776123,0.051136657928484354,0.05170932166884125,-32.44167458021424,100.0
399,22.251907110214233,-33.8696318614546,6.634370985975549,-24.280691345393645,-84.4962830713046,89.5,3.5284194071907056,0.05,0.009137868881225586,0.26572322845458984,0.02363316,0.01361205,-33.81778205831488,-0.9630056820530549,-0.6801716108582684,89.5,10000,1.6111187934875488,0.07108753519924255,0.06932364804427688,-32.87113146170383,100.0
400,22.023703575134277,-33.21038631917334,5.7678969117646375,-24.55228262056841,-83.1281613338044,93.5,3.4098335381869154,0.05,0.008933305740356445,0.2563650608062744,0.025888085,0.013883187,-33.75704248440073,-0.9537585769180972,-0.6669503371491992,93.5,10000,1.575704574584961,0.05989132773686404,0.0582520511349877,-32.5229057031409,100.0
401,22.167067289352417,-34.119814121875955,5.762358142798382,-23.44274953724941,-61.70769093718701,94.0,3.6742891587267685,0.05,0.00896906852722168,0.25356245040893555,0.025427552,0.0125404205,-33.79331964814825,-0.9652881961275875,-0.6851692878320705,94.0,10000,1.5794744491577148,0.05697128887758797,0.05504032908252702,-32.50271900835185,100.0
402,22.23505687713623,-33.35454917692916,5.056128183036979,-25.117131445129925,-56.312124276347895,94.5,3.0638379792229986,0.05,0.009087324142456055,0.2587919235229492,0.025281327,0.016499773,-33.74944260102634,-0.9556508923519561,-0.6698628442171009,94.5,10000,1.603198528289795,0.03910445501196715,0.03854867544939836,-31.978429482382445,100.0
403,23.11811923980713,-33.38812350881516,5.788820015353682,-24.345122588061088,-68.20071912654561,95.0,3.035269394718007,0.05,0.009002447128295898,0.25649309158325195,0.02446726,0.013072687,-33.71331069180522,-0.9559821500060324,-0.6705319003648126,95.0,10000,1.5908210277557373,0.06078186658043906,0.05883041707076334,-32.0627956159709,100.0
404,22.195178747177124,-34.50852146004223,7.382486042483912,-24.379418322979205,-83.13682293102826,88.5,3.840398411605411,0.05,0.011810541152954102,0.23959565162658691,0.024777496,0.0132843,-33.79283176862892,-0.9705301327629526,-0.6929390486966358,88.5,10000,1.5863380432128906,0.0945753278395185,0.09293938090307816,-31.229449984454174,100.0
405,22.134382963180542,-33.34417292257119,5.569279818372903,-24.03052026284734,-61.56190766379657,94.5,3.9654216822296857,0.05,0.008928298950195312,0.24377775192260742,0.024540702,0.012018786,-33.74796588402315,-0.955912716757521,-0.6696526421844945,94.5,10000,1.6099748611450195,0.05382164562572155,0.043088967414996564,-31.519956607813743,100.0
406,22.39673948287964,-32.948266481095835,4.699243290836223,-25.23848473465779,-55.65648417890407,95.5,3.514269972783074,0.05,0.008758306503295898,0.24657058715820312,0.024733294,0.012544713,-33.66799594373042,-0.9504963133487084,-0.6617411954921417,95.5,10000,1.6107745170593262,0.0299496044990938,0.0291099579397043,-33.3391043709018,100.0
407,22.463406562805176,-33.63131914525917,5.717795035012784,-23.746654440825967,-68.17821410075548,93.5,3.1615393229501056,0.05,0.008904218673706055,0.2544097900390625,0.025084063,0.014753622,-33.66432826388329,-0.959704828742696,-0.6754029247602691,93.5,10000,1.5856328010559082,0.05230889272229023,0.051567519631966464,-31.270881045627533,100.0
408,22.524665117263794,-33.57019299316514,6.244803458217259,-24.135790268946696,-63.01463876360905,93.5,3.7092251322319605,0.05,0.008916378021240234,0.25788259506225586,0.023524735,0.011217273,-33.65491473681148,-0.9581048137409701,-0.674185618313289,93.5,10000,1.587284803390503,0.058161344408375254,0.060238302112112854,-31.828713163495742,100.0
409,22.028120517730713,-33.5839889056889,5.2747090487309505,-24.92144845551057,-61.80730899113105,94.0,3.2271069390074714,0.05,0.008843421936035156,0.2615194320678711,0.025219178,0.0152906,-33.647822153699224,-0.9577535981468475,-0.6744594394837956,94.0,10000,1.5994784832000732,0.045451965922028825,0.04185407352480106,-30.698984107588387,100.0
410,22.432641744613647,-33.05359317998499,5.2011052877913055,-23.91102892080154,-63.76985185812917,97.0,3.979385676772661,0.05,0.008874654769897461,0.24602890014648438,0.025435021,0.01165028,-33.588399256327804,-0.952276598823635,-0.6638346522419374,97.0,10000,1.6320297718048096,0.039907435088140805,0.039867653569050227,-31.217910409949145,100.0
411,22.33024501800537,-33.18044105739459,4.760579478372814,-24.338876110784103,-54.031764695364,95.5,3.789606233819556,0.05,0.008795976638793945,0.21659064292907715,0.02407958,0.013036258,-33.547603436434486,-0.9541796567885581,-0.666393135149673,95.5,10000,1.614570140838623,0.03449942773731865,0.034122210745432424,-35.95972827133715,90.0
412,22.541505813598633,-33.61271555194265,6.205106492981174,-23.810638980931973,-64.65250449544102,94.0,3.2543138998745498,0.05,0.0094757080078125,0.2658982276916504,0.025001537,0.014513631,-33.5541146479853,-0.9588261433470038,-0.6750458397596611,94.0,10000,1.6200973987579346,0.06638515959195261,0.06574462938787283,-31.732575681356924,100.0
413,22.171732425689697,-33.76175970100901,6.443690694700362,-23.822484987355104,-78.95327536954716,95.5,3.0383809786610914,0.05,0.009497404098510742,0.2549269199371338,0.026046166,0.015548414,-33.574879153287675,-0.9610995594163037,-0.6780126811793278,95.5,10000,1.6225860118865967,0.06887353466278362,0.06809346279320007,-31.15105343352256,100.0
414,22.227827548980713,-33.16290508153719,4.7529776031846955,-24.36332009101345,-53.72159291569444,97.0,2.8139564243497914,0.05,0.008945703506469727,0.24471378326416016,0.02504784,0.01761053,-33.53368174611263,-0.9542140906901685,-0.6660351447405786,97.0,10000,1.6161041259765625,0.03157252862149044,0.030401818464358084,-31.298164466793075,100.0
415,22.017126321792603,-34.152710772787685,6.276364092689582,-24.072040564223553,-67.43788087734467,93.5,3.006071926310072,0.05,0.008903026580810547,0.24334049224853516,0.024648067,0.0152753545,-33.59558464878013,-0.9635848339802611,-0.6858442681931726,93.5,10000,1.6228017807006836,0.072730380260314,0.07025426455263258,-36.4921772167055,90.0
416,22.190778017044067,-32.89930439647886,5.292559987803187,-23.74233453768359,-64.05100251130375,95.0,3.309209094586499,0.05,0.008777141571044922,0.20287346839904785,0.02480794,0.014682281,-33.52595662355,-0.9492790961434905,-0.6607482430826062,95.0,10000,1.6313066482543945,0.0419161531069866,0.03689067106290895,-31.43503230197542,100.0
417,22.518463134765625,-34.10842776191004,6.436356946375294,-23.845186785837036,-73.16960819850303,91.5,2.9550959909780614,0.05,0.009618759155273438,0.20787334442138672,0.025008002,0.016031152,-33.584203737386005,-0.9651354855139477,-0.6849414369173346,91.5,10000,1.6326792240142822,0.06363292448175759,0.06386557159394866,-31.383653704164242,100.0
418,22.09446620941162,-32.91370975468666,5.296969112353456,-23.44184997541263,-56.2771512197455,94.5,3.7016874141245646,0.05,0.008864641189575195,0.20462656021118164,0.025180653,0.012696477,-33.51715433911607,-0.9507188918373316,-0.6610413047560195,94.5,10000,1.6272122859954834,0.039202538505763496,0.03867493242392871,-31.857366663288087,100.0
419,22.57188606262207,-32.53537410906464,4.341428014165747,-23.889380174823465,-50.75259809610201,95.5,3.7710149491815534,0.05,0.009056806564331055,0.20090460777282715,0.024850365,0.013150729,-33.41897631611093,-0.9453870598630693,-0.6534805447800055,95.5,10000,1.6358880996704102,0.024950531391001278,0.0244717258637045,-31.480474592455913,100.0
420,22.29274821281433,-33.0257327532096,5.40948564377933,-24.162720206998756,-73.25050979828067,94.5,3.2031185665635165,0.05,0.008680343627929688,0.20079398155212402,0.023767425,0.015225761,-33.3796519598208,-0.9520326878093545,-0.6632657111754324,94.5,10000,1.6253480911254883,0.04583042836046436,0.043741173646615075,-30.955976294315768,100.0
421,22.42437767982483,-33.47065925032042,5.89959287593584,-24.979993566413324,-66.64447226322332,94.5,3.7476891536541626,0.05,0.009229898452758789,0.21509599685668945,0.02484662,0.013059399,-33.38875268887076,-0.9571505111645822,-0.6719960181734109,94.5,10000,1.6746766567230225,0.05348993654533443,0.05443010191278521,-34.31545746890765,90.0
422,22.132244348526,-34.60982886223566,7.471849841762338,-24.045322038146544,-75.24064177991124,90.0,4.405351930075724,0.05,0.009102106094360352,0.20606231689453125,0.026105354,0.011309031,-33.51086030620725,-0.9691342571128172,-0.6949265668735443,90.0,10000,1.6394927501678467,0.10140420689782562,0.09394971010981709,-32.16346159938375,100.0
423,22.472718000411987,-32.99076137468228,5.459574158078273,-24.312014685657104,-63.14824930723992,93.0,3.9304066907650066,0.05,0.009478330612182617,0.2048356533050537,0.023075668,0.011268155,-33.458850413054755,-0.9523568168017446,-0.662486197752267,93.0,10000,1.6100924015045166,0.04583811922641055,0.044317843652469886,-32.071717687767695,100.0
424,23.33310604095459,-33.389901715813096,5.479283584696635,-23.74689180991737,-59.31636601039231,96.0,3.4642209647491713,0.05,0.009271383285522461,0.2061927318572998,0.024912894,0.0132083325,-33.45195554333059,-0.9557828173768805,-0.6705755457155718,96.0,10000,1.6205341815948486,0.04787170895680525,0.048311989223182694,-31.64312194402917,100.0
425,22.491992712020874,-32.97012780000327,4.431571008145949,-23.650229598391693,-55.273463289647765,95.5,3.059003038710123,0.05,0.00913381576538086,0.2068474292755127,0.025194855,0.0153912585,-33.40377276899786,-0.9507359742127821,-0.6621857959269161,95.5,10000,1.606003999710083,0.026721371087168728,0.02624994062315574,-30.41879679420864,100.0
426,22.302631855010986,-32.964221752038966,5.01179775501979,-23.63929069162297,-58.00271641825851,95.5,3.573039896461008,0.05,0.008709907531738281,0.21525049209594727,0.024467776,0.013658293,-33.35981766730197,-0.9505666081444911,-0.6620496561700071,95.5,10000,1.6033906936645508,0.0342486965878519,0.033824398249962,-32.526364753906435,100.0
427,22.346799612045288,-33.613993294828376,6.50774237262151,-23.954964389796377,-68.69982915461068,93.0,3.8762136144497994,0.05,0.009520769119262695,0.21604609489440918,0.024784008,0.012453275,-33.38523523005461,-0.9585083679471523,-0.6749208361784309,93.0,10000,1.6113426685333252,0.07250607466542808,0.07037933998847622,-33.49494714553515,90.0
428,23.487844705581665,-32.477614381465976,5.952004115688222,-24.207469143832817,-78.18032439232532,97.0,3.739237152679045,0.05,0.008994579315185547,0.2028801441192627,0.024881924,0.012807822,-33.29447314519575,-0.9451725527885481,-0.6523302441320543,97.0,10000,1.605025291442871,0.0649819160070078,0.06030806754248482,-31.041636388919425,100.0
429,22.3210289478302,-33.33883187619053,6.137525227483776,-24.191817428338627,-63.77305684205753,94.5,3.510454001109872,0.05,0.010126829147338867,0.2037813663482666,0.024563229,0.012960932,-33.298909018295234,-0.9553044770893874,-0.6695407033102165,94.5,10000,1.600099802017212,0.061254835537178996,0.05996057009510288,-31.40995700816747,100.0
430,22.41785478591919,-32.95359084295188,4.205947767990799,-24.293862856419416,-55.80519758841586,97.0,3.791598724396239,0.05,0.008971691131591797,0.2083604335784912,0.02590474,0.012278936,-33.2643772007609,-0.9493873005959245,-0.661853021362644,97.0,10000,1.6684579849243164,0.0248378902986743,0.024268767415830454,-31.885087497425666,100.0
431,22.27802276611328,-32.80530741335523,4.577640719337441,-23.30746500199409,-49.62096073430429,95.0,3.986090652691449,0.05,0.008797407150268555,0.24149560928344727,0.024979863,0.010490829,-33.21847022202033,-0.9491158283025877,-0.6588640918140158,95.0,10000,1.6201622486114502,0.024972010328197663,0.02399942252981142,-30.35870598336528,100.0
432,22.58534049987793,-32.543818830868794,5.737828486048457,-23.76954528635822,-72.59436426719137,94.5,3.7623947140849427,0.05,0.008882522583007812,0.24239587783813477,0.024686076,0.012057702,-33.15100508290518,-0.9448879199006484,-0.6536278447312821,94.5,10000,1.6162312030792236,0.06334674367727526,0.060926962706634044,-32.90814946713483,90.0
433,22.20242977142334,-34.17138395244741,8.283045947492042,-23.694566805702536,-85.57832727649333,92.0,3.0058355378294475,0.05,0.009429454803466797,0.2401576042175293,0.025873577,0.014167414,-33.2530429698594,-0.9646125233908517,-0.6860743023613503,92.0,10000,1.6039695739746094,0.11599228274600915,0.10729027631274825,-31.99623358943881,100.0
434,21.963739156723022,-33.13057429819794,5.351462747637726,-24.229234857599547,-69.28682898835812,96.0,4.203096265785392,0.05,0.008796215057373047,0.22368931770324707,0.024866834,0.011389298,-33.24079610269325,-0.952129713103023,-0.6653903912440243,96.0,10000,1.5958824157714844,0.04717752131194893,0.046618383663246915,-31.297542630141237,100.0
435,22.258211374282837,-33.81869477635426,5.897777841921471,-24.94566121274607,-64.72976268070657,95.5,2.961373509438259,0.05,0.0090179443359375,0.24164295196533203,0.024087023,0.016406346,-33.29858597005935,-0.9604575135026951,-0.6791466282578821,95.5,10000,1.595933437347412,0.058747261478774716,0.05508670728309751,-36.06207553075713,90.0
436,22.2416832447052,-33.121230312786075,6.325467207755893,-23.780808041721208,-68.33359650877662,95.0,3.4027705304065288,0.05,0.01035451889038086,0.22919678688049316,0.024503814,0.012146299,-33.28085040433202,-0.9517412629752406,-0.6650548784381243,95.0,10000,1.6000416278839111,0.0658828949062287,0.06500761292875727,-34.397335660719406,90.0
437,22.2568097114563,-33.36012931091186,6.3522606171502485,-23.755818732149415,-76.3519856849796,93.0,3.686237313810001,0.05,0.008966684341430664,0.24405407905578613,0.025278874,0.011764374,-33.28877829499,-0.9558167726354077,-0.6699571366242038,93.0,10000,1.6099350452423096,0.0696386727419696,0.06857917381542349,-37.08874512149126,90.0
438,22.34767746925354,-33.564441449654915,6.339820656465185,-23.487616870282586,-67.1690202438815,93.0,3.2982680400414233,0.05,0.008736371994018555,0.22575640678405762,0.025644729,0.013577028,-33.3163446104565,-0.9581707786791891,-0.6740384134737494,93.0,10000,1.5761349201202393,0.06484155282067723,0.06377817566065506,-33.08594637426106,100.0
439,21.919914484024048,-33.73717295975917,7.191420711807928,-23.758625507800648,-70.62665570113899,92.0,3.1640465334303274,0.05,0.008712530136108398,0.2507305145263672,0.025621166,0.014590618,-33.358427445386766,-0.9607581026444223,-0.6772458452188822,92.0,10000,1.5635960102081299,0.0838419912677825,0.08422003619781676,-33.87631494552046,100.0
440,22.012848138809204,-33.30342681159357,4.9340555926082175,-23.357697208725323,-54.5160128727351,98.0,4.011185480996632,0.05,0.008918523788452148,0.24021387100219727,0.024227686,0.011694661,-33.352927382007444,-0.9549793041729707,-0.6688310894884704,98.0,10000,1.565575122833252,0.03669397474855379,0.03239198579062736,-30.66586348473095,100.0
441,22.12519931793213,-32.854065581307616,4.654507048291033,-24.078187665068814,-61.56411452658555,98.0,3.324378562211152,0.05,0.00874948501586914,0.2543206214904785,0.024337793,0.014827637,-33.30304120193746,-0.9490936631243005,-0.659857028417197,98.0,10000,1.5683326721191406,0.02955818844059433,0.029316330988867125,-30.929020076404697,100.0
442,22.047648191452026,-33.72793941809245,6.52179067926314,-23.83292562109666,-66.58994426590796,93.0,4.198389019423078,0.05,0.009537696838378906,0.2399132251739502,0.023281584,0.01174397,-33.34553102355296,-0.9598769768498319,-0.6773416442756114,93.0,10000,1.6002962589263916,0.07164952194676623,0.07224285371146186,-31.175830560806855,100.0
443,22.098477125167847,-33.19705893803195,5.788753972855589,-24.124411763798353,-58.85693294830369,95.5,3.7991366976721954,0.05,0.0093536376953125,0.23229265213012695,0.024999795,0.012246187,-33.33068381500086,-0.9535534058430816,-0.6667087432268977,95.5,10000,1.6168274879455566,0.0569978610238235,0.0549242010590964,-31.78094314749372,100.0
444,22.32791805267334,-32.69375445314931,5.258696265741709,-23.8081445237533,-58.81053198480877,95.0,2.7758825844115007,0.05,0.009287118911743164,0.24984097480773926,0.023507373,0.017892864,-33.266990878815704,-0.9471479242921713,-0.6566444413155935,95.0,10000,1.679818868637085,0.03534843327315029,0.033869771768575196,-31.3926072070142,100.0
445,22.589011192321777,-33.22753995080561,6.734819550224999,-23.532246859509776,-66.81084250730875,93.5,3.912120861492199,0.05,0.010874032974243164,0.22597908973693848,0.026247058,0.011140546,-33.2630457860147,-0.9527353959106355,-0.6672407529108568,93.5,10000,1.6478769779205322,0.07342863918366528,0.07285335029781095,-32.205950828443484,90.0
446,22.030491828918457,-32.873129300677014,5.217628936908573,-23.85272022145612,-57.268741047936054,94.5,4.084650546545746,0.05,0.008905410766601562,0.2631986141204834,0.02450461,0.011296704,-33.224054137480934,-0.948935780759341,-0.660205405359363,94.5,10000,1.6269102096557617,0.04102090907924447,0.03624031414650745,-31.412031435581675,100.0
447,22.16332721710205,-32.56778648118297,4.626745071625826,-24.110296991419666,-55.286876035835924,97.5,3.709652601825361,0.05,0.008906364440917969,0.23070120811462402,0.024916956,0.0121075325,-33.15842737185114,-0.9459251542305005,-0.6541285658818827,97.5,10000,1.6573891639709473,0.03276378806509784,0.029411074697435147,-30.996784816783894,100.0
448,22.421687602996826,-32.92085282137971,4.715060169021951,-24.10815979480327,-54.138158858803635,94.0,3.8652737012636975,0.05,0.008833885192871094,0.2398226261138916,0.025173742,0.011992216,-33.13466991680399,-0.9497834484811511,-0.6611937275468537,94.0,10000,1.644474744796753,0.030787274262995167,0.03064148418876918,-32.03242160468837,100.0
449,22.366350889205933,-32.21194549880724,5.2489040893687084,-23.564308723038504,-63.97451649378167,94.0,3.77278617731111,0.05,0.008722066879272461,0.24348688125610352,0.025279732,0.011962194,-33.042397475004314,-0.9405303761012362,-0.6470164560094167,94.0,10000,1.6379642486572266,0.03502705010201157,0.03592949400151897,-34.07092942470113,90.0
450,22.25183916091919,-32.889517664221195,7.0176689448599845,-23.73040698996558,-68.58203519868388,93.0,3.6393781865281,0.05,0.009453773498535156,0.2381114959716797,0.024728432,0.012631493,-33.027109493926005,-0.9485143487181539,-0.6605736164077033,93.0,10000,1.634446382522583,0.07273817892234545,0.07013761197732012,-31.446485516670755,100.0
451,22.958736658096313,-32.87458987346582,5.8603861161877875,-24.158564806295526,-72.71143041119613,96.0,3.895508628283597,0.05,0.00881195068359375,0.21366095542907715,0.025981368,0.012949375,-33.01185753187998,-0.9489941585081987,-0.6602432691348727,96.0,10000,1.607748031616211,0.05534224282376271,0.054431044938914735,-31.822619409757387,100.0
452,21.961048126220703,-33.55617139643374,7.44284434904471,-24.351978946449368,-81.33430554686969,93.5,3.2997127386315843,0.05,0.009248495101928711,0.27089786529541016,0.024572166,0.013764979,-33.06628891833536,-0.9574129366812827,-0.6738928072842815,93.5,10000,1.6302273273468018,0.09250706275398107,0.09050097757196555,-32.02174162696588,100.0
453,22.199294090270996,-32.890757123898574,6.3100097065784215,-23.960646259555926,-82.40154126651078,94.0,3.307522045774078,0.05,0.009197473526000977,0.2460041046142578,0.02504615,0.015257907,-33.04873573889168,-0.9492977886706438,-0.660585073437576,94.0,10000,1.6381664276123047,0.0648509235794405,0.06385463223535878,-31.017584193325888,100.0
454,22.312314748764038,-32.99417299025406,5.409413953065612,-23.843502876111245,-62.21605416757897,95.0,3.7657631936337825,0.05,0.009487390518188477,0.24194931983947754,0.02517927,0.01314313,-33.04327946402792,-0.9513750160026782,-0.662611041120468,95.0,10000,1.6804354190826416,0.04743456769423431,0.04662598849681949,-31.37561841918265,100.0
455,22.214556217193604,-32.39317068474764,5.385205551345184,-23.611944288560444,-57.59507370426032,94.0,3.933905703940057,0.05,0.009645700454711914,0.2550199031829834,0.0252043,0.012924798,-32.978268586099894,-0.9437016640246082,-0.6506281926572437,94.0,10000,1.638922929763794,0.05029556672111332,0.052020086907889826,-31.202988721984287,100.0
456,22.0642728805542,-32.99907003943538,5.309423927870195,-23.973777340726723,-67.78427914141935,94.0,4.022219132314253,0.05,0.009497404098510742,0.22501587867736816,0.024907919,0.01142367,-32.980348731433445,-0.9513009113735271,-0.6627450303974904,94.0,10000,1.656778335571289,0.05229164709133436,0.048023637920498116,-31.212598886233586,90.0
457,22.400643587112427,-32.9306671480905,7.448759352721487,-24.24338330877584,-83.23747089673984,93.0,4.042102324503861,0.05,0.009079456329345703,0.22716188430786133,0.024933478,0.010875323,-32.97538057309915,-0.9492953627512897,-0.6613859161897716,93.0,10000,1.6212689876556396,0.09302071824846522,0.0916649710140197,-30.62550978280894,100.0
458,22.09514594078064,-33.235938480751464,5.345255006968982,-23.641889196210542,-70.83339715807674,96.0,3.4006272272748834,0.05,0.009727716445922852,0.22542285919189453,0.024742682,0.013767879,-33.001436363864386,-0.9538317583046992,-0.6674459913623491,96.0,10000,1.6427907943725586,0.048530690455916806,0.047826297069346234,-31.289307890144094,100.0
459,22.310125589370728,-32.894056161849356,5.315997482846362,-25.108843493114858,-62.75214111416506,95.5,3.9858488361643993,0.05,0.008801937103271484,0.2397456169128418,0.02480167,0.012121107,-32.990698343662885,-0.9491578971678727,-0.6605810797419572,95.5,10000,1.6240594387054443,0.04166765928943609,0.04113950427636361,-32.44492742109561,100.0
460,22.045814752578735,-32.676103403448494,6.029193319066709,-23.82643113742588,-65.60946686103328,94.0,3.7122455396633525,0.05,0.008680105209350586,0.2500793933868408,0.025213525,0.012108377,-32.959238849641444,-0.9477410413769874,-0.6562911351864948,94.0,10000,1.6293351650238037,0.05816744165564636,0.05717392497999754,-31.124194318987897,100.0
461,22.063032150268555,-33.06361711272766,5.863281771047395,-24.15640562333648,-67.94953737261683,94.5,4.36894239629477,0.05,0.009261846542358398,0.26918458938598633,0.02485165,0.011633308,-32.96967667595007,-0.9524070200985784,-0.6640291800718834,94.5,10000,1.6292200088500977,0.05479243519594164,0.05481756862903555,-31.499777477912183,100.0
462,22.2484769821167,-33.879574092056835,7.997621209418733,-21.802800821315284,-81.73997098995666,92.5,3.02254642579689,0.05,0.009061098098754883,0.2482595443725586,0.024957981,0.015073822,-33.060666417560746,-0.9596050104621137,-0.6803504308514793,92.5,10000,1.6606998443603516,0.10334921507929123,0.1019670551057666,-33.93983130948158,80.0
463,22.193116664886475,-32.19584379501003,4.639437732656786,-23.265524082760738,-54.41044234490346,96.5,3.700236853403584,0.05,0.008869409561157227,0.23760557174682617,0.02446326,0.01361931,-32.97418415530567,-0.9414405740995119,-0.6466658613323092,96.5,10000,1.6390163898468018,0.026560002709560944,0.025675694901365922,-31.035644616166508,100.0
464,22.02568483352661,-32.57564119897424,6.082015852530216,-22.74660051776085,-71.00902918594488,95.5,4.306813964117456,0.05,0.009232044219970703,0.25626683235168457,0.02322912,0.01082884,-32.93432985967253,-0.9461553698890401,-0.6542750649463587,95.5,10000,1.628854513168335,0.058546299131343696,0.05821068392779638,-35.38281073148579,80.0
465,22.1443932056427,-31.825685034112574,4.199039667563579,-23.97314312908152,-44.77707957578889,98.0,3.283104689933941,0.05,0.008858919143676758,0.2245166301727295,0.026160324,0.015138579,-32.823465377116534,-0.9365082486592496,-0.6392812211007918,98.0,10000,1.6056268215179443,0.01913006481507435,0.018259208194781364,-32.38171289336096,100.0
466,22.30539059638977,-32.804353288359806,5.8465425153162895,-23.893926602571213,-66.56545118968388,93.5,2.847787950438919,0.05,0.009213685989379883,0.2406306266784668,0.027324868,0.016457692,-32.82155416824086,-0.9486246641391483,-0.6587987276267802,93.5,10000,1.6541099548339844,0.05940638858652906,0.055937103884352794,-30.747969836393423,100.0
467,22.087139129638672,-32.36975195924431,6.716067420325196,-23.713312004202116,-74.54476477447672,93.5,3.366756905208226,0.05,0.00933694839477539,0.2707681655883789,0.024206072,0.012603104,-32.776373947341206,-0.9434049079041807,-0.6500785128904812,93.5,10000,1.6612467765808105,0.06912204916693317,0.06618255377855346,-32.47351659025148,100.0
468,22.243064641952515,-32.89011826277995,5.881246356308583,-22.568968432661222,-63.23677993053119,92.0,3.9055985780248803,0.05,0.009399890899658203,0.23703980445861816,0.025160803,0.012347605,-32.78774837888508,-0.9499902969603989,-0.6604350779266147,92.0,10000,1.6475813388824463,0.05671215258285473,0.05532353270180051,-30.51523728555527,90.0
469,22.634156942367554,-33.65963405352509,7.76259648393797,-23.33582025466636,-70.70926475489654,89.0,3.3705202949276716,0.05,0.00888204574584961,0.2455916404724121,0.026103022,0.013721783,-32.87493694634908,-0.9591771707448215,-0.6759596830654121,89.0,10000,1.6493561267852783,0.09965323168633947,0.09888671151275852,-35.71748293721596,90.0
470,21.960298776626587,-32.08825100869548,4.5695261805282446,-23.783650976203603,-56.95020148851304,96.5,4.234643673344962,0.05,0.009345293045043945,0.23035287857055664,0.02322541,0.011653407,-32.79626835258372,-0.9393783895995917,-0.6445258885343815,96.5,10000,1.6191976070404053,0.03268597324866756,0.03057124478312892,-31.53670378807031,100.0
471,22.353858709335327,-32.29799815954486,5.408586032892516,-23.719335747948147,-67.9691890816333,96.0,4.258532794865198,0.05,0.008916139602661133,0.2694416046142578,0.023696624,0.011253898,-32.74644133327983,-0.9425265583117715,-0.6486957122547872,96.0,10000,1.6346726417541504,0.045441226803670375,0.043001929964461824,-31.201557907093452,100.0
472,22.57974672317505,-32.903366144077204,6.18040850649661,-23.665974082317877,-69.52455317482129,94.0,3.237971221888531,0.05,0.009490013122558594,0.25341081619262695,0.024853423,0.014249504,-32.76213381435957,-0.9490094660635358,-0.6608287387987164,94.0,10000,1.6710727214813232,0.06496076645354658,0.06461953164431573,-31.442053974135355,100.0
473,22.472902297973633,-31.913462080493147,4.725998085637092,-23.89085505530971,-58.66396572411903,96.5,3.5717066812862486,0.05,0.011888504028320312,0.2791736125946045,0.02530405,0.012205308,-32.67726664097293,-0.9381970467589391,-0.6410393741715655,96.5,10000,1.69285249710083,0.03364430996061052,0.0314231830834061,-31.984323872875613,100.0
474,21.977718353271484,-33.180344329525944,6.604376998496063,-23.78486000360608,-78.19711994662269,91.5,3.433847916478406,0.05,0.008743524551391602,0.23117566108703613,0.024465889,0.013365966,-32.727574409828236,-0.9538496165067595,-0.6663381227585248,91.5,10000,1.6467275619506836,0.08640628676158765,0.07771095044306965,-30.774494551350635,100.0
475,22.392852544784546,-31.884219175913863,4.975358770527832,-24.004786866069296,-59.540400355447474,96.0,3.406988660003698,0.05,0.00882101058959961,0.2514317035675049,0.025803845,0.014697829,-32.6432388864368,-0.9368871122364077,-0.6404465187430756,96.0,10000,1.6418068408966064,0.04535274169981295,0.04063865994541525,-31.3288613339059,100.0
476,22.379663228988647,-32.7738636222618,5.616348891750587,-24.416911575920814,-68.72168502465941,92.5,3.720309797407423,0.05,0.008944034576416016,0.24505949020385742,0.025105916,0.013155754,-32.6563013600193,-0.9485182643202751,-0.6582357440439693,92.5,10000,1.6375548839569092,0.05105204780712904,0.0490717044241493,-31.449952516139508,100.0
477,22.298807621002197,-32.97612514475525,6.6090598666834905,-23.804687700618803,-60.455894138066306,93.5,3.2992698147830963,0.05,0.009088516235351562,0.2698986530303955,0.02580801,0.013828847,-32.6882837384929,-0.9491793660154145,-0.6621934517154031,93.5,10000,1.6423766613006592,0.06580208166953445,0.06607704231687651,-31.837185822899606,100.0
478,22.106539249420166,-32.55660032605072,5.82316425441144,-23.99495065520924,-66.83311975566035,95.0,4.433708432778679,0.05,0.009073734283447266,0.270047664642334,0.025763193,0.010265306,-32.67511539724868,-0.9453983520123779,-0.6537469907409315,95.0,10000,1.6436693668365479,0.053040256429670155,0.05193187020309209,-31.257745907282896,100.0
479,22.314035177230835,-32.76625557427736,6.051024590533981,-23.490128045499908,-74.05507865312966,93.5,3.5653585596682813,0.05,0.009348154067993164,0.27820634841918945,0.026180964,0.0141452635,-32.68422941495155,-0.9486692661913626,-0.6580958328151557,93.5,10000,1.686584234237671,0.0559768637864259,0.054633781555685185,-30.319248199699405,100.0
480,22.04846167564392,-32.4664180247103,5.994345277913174,-23.331016538696453,-71.06701053043882,95.5,3.27004436304423,0.05,0.009368181228637695,0.24092745780944824,0.02491908,0.014099296,-32.66244827592743,-0.9432133448233432,-0.6521067003392806,95.5,10000,1.6664388179779053,0.05723422181816638,0.05855674467704609,-30.815232320270816,100.0
481,22.299505710601807,-32.56324706747236,7.101191735853708,-23.70414840884731,-69.23400770449354,93.0,3.334068703319535,0.05,0.008853673934936523,0.24171113967895508,0.025023682,0.014458587,-32.652528155081924,-0.9442084012685311,-0.6540423947237133,93.0,10000,1.6441142559051514,0.09389905244175795,0.08693095166424464,-36.05412957461005,90.0
482,22.059435606002808,-32.51009519299466,5.645783148552639,-23.52329658448349,-62.927214350525446,97.0,3.867042072160061,0.05,0.008857250213623047,0.25446057319641113,0.023624381,0.012584272,-32.6382848588732,-0.9445379750138776,-0.6529388329462417,97.0,10000,1.6366207599639893,0.045778394968539686,0.044497782578924325,-30.795680551767372,100.0
483,22.314592123031616,-32.326851769323774,5.926383836172443,-23.40682838051344,-59.01655242099649,95.0,3.7902018002520963,0.05,0.008966207504272461,0.24342870712280273,0.025790134,0.012889385,-32.60714154991825,-0.9423453218602118,-0.6492874616191958,95.0,10000,1.6352829933166504,0.0548235746442673,0.054180330399649236,-30.70452279725143,100.0
484,22.322747707366943,-32.340456547670186,5.40933435012474,-23.916450365513928,-69.45546497095461,95.0,3.1063087194435024,0.05,0.009000539779663086,0.23890471458435059,0.025526186,0.015870428,-32.580473049693445,-0.9423822250479822,-0.6492916986997805,95.0,10000,1.6424469947814941,0.046787362723187106,0.0462383021018319,-31.06693207655683,100.0
485,22.074572563171387,-32.54401246303742,5.165976395586721,-23.87525261667678,-65.24445177336432,95.0,3.8179791032898254,0.05,0.008881568908691406,0.2419447898864746,0.025155691,0.012250366,-32.57682699102784,-0.9450413009453927,-0.6536314688245953,95.0,10000,1.6336636543273926,0.039897948417488546,0.03883256932917725,-29.711501517168944,100.0
486,22.609188318252563,-32.79530182363821,6.09075759948674,-22.527292801614855,-65.02048360335655,95.5,3.780108777659412,0.05,0.009281635284423828,0.2530548572540283,0.025044909,0.012734612,-32.598674474288885,-0.9479775170364542,-0.6586622037308963,95.5,10000,1.6806204319000244,0.06090543649298119,0.06020853738375469,-30.534656445612892,100.0
487,22.163723945617676,-32.66403591578412,6.157005663033228,-23.84729240860972,-60.847690984902364,94.5,3.331020615273723,0.05,0.008925914764404297,0.2395634651184082,0.025316166,0.013615484,-32.605210618438406,-0.9453911697791068,-0.6558997335424911,94.5,10000,1.6157941818237305,0.0598691138210022,0.05866112331016383,-31.043877411240828,100.0
488,21.925153255462646,-33.202818042045564,7.768992940767051,-24.393447564156233,-78.62775560313166,91.0,3.254886680012574,0.05,0.009708166122436523,0.2542858123779297,0.024948154,0.015498321,-32.66497136079912,-0.9530688181299625,-0.6668192838686374,91.0,10000,1.6213538646697998,0.10423266380009664,0.099691209256864,-30.89491770255996,100.0
489,22.212761878967285,-32.06231638176315,4.983628144547362,-23.936219784300384,-57.28619715514014,95.5,3.9618691043706185,0.05,0.008971691131591797,0.24181365966796875,0.025620414,0.012758163,-32.60470586289552,-0.9380656531071756,-0.6439939715101723,95.5,10000,1.6199045181274414,0.03873198502508583,0.03351773377922646,-30.787764126913288,100.0
490,22.227109670639038,-32.620193647472746,6.838453167430835,-23.653835409098143,-69.25052403983477,92.0,2.9113467639600588,0.05,0.009402036666870117,0.269320011138916,0.025130305,0.016274847,-32.606254641353246,-0.9466425391664965,-0.655172090654972,92.0,10000,1.6252832412719727,0.07202946051262363,0.07087439669995652,-30.987820658608904,80.0
491,22.144258499145508,-31.77755057791457,5.493293310446629,-22.945324777236795,-67.61200841466606,93.5,3.778403704820058,0.05,0.009369611740112305,0.27651119232177734,0.024986954,0.012978297,-32.52338423500938,-0.935736773389137,-0.6382851695784396,93.5,10000,1.6913836002349854,0.046806733308143236,0.04503088058280462,-31.69423395271938,90.0
492,22.05145502090454,-33.28959496012209,6.6745321047670645,-23.822604477451193,-75.90189404304142,93.0,3.7518345793772916,0.05,0.009246349334716797,0.25513696670532227,0.024381295,0.01354716,-32.600005307520654,-0.9518164771108303,-0.6685715919266059,93.0,10000,1.6373958587646484,0.07557058998983318,0.07230856173786594,-33.4665572011033,90.0
493,21.946343660354614,-33.29466637684864,7.856231126531016,-24.308797375818703,-74.89381944525674,91.0,3.292782772694635,0.05,0.009021997451782227,0.2750523090362549,0.024409734,0.013859807,-32.669471414453454,-0.9548869099658961,-0.6686537198437912,91.0,10000,1.638390302658081,0.1148409836737907,0.11226045603904354,-32.095274613186156,90.0
494,22.206087827682495,-32.91763993385432,6.706235237284848,-23.793861079743376,-73.30232622105467,91.5,3.388795308552483,0.05,0.008762598037719727,0.22686433792114258,0.024828054,0.01431718,-32.69428826639354,-0.9504540971267577,-0.6611004411763752,91.5,10000,1.643348217010498,0.0844964223022063,0.07946706165283021,-30.13882548719128,100.0
495,22.1296706199646,-32.4620277784269,5.543417310467434,-23.610364711799722,-68.68046127253164,92.5,3.5637561033775857,0.05,0.008904218673706055,0.26001453399658203,0.02394669,0.012594507,-32.671062217596884,-0.9461859294857807,-0.6519824782350752,92.5,10000,1.661569356918335,0.04809412130723322,0.04556664808259854,-30.11834547783751,100.0
496,22.640047073364258,-33.068752886819055,5.834411914578814,-24.344529511943716,-75.6787890034099,91.0,3.982903390611223,0.05,0.010306835174560547,0.2740802764892578,0.025035948,0.012256541,-32.7108312845191,-0.9520539961234077,-0.664115296388974,91.0,10000,1.6423146724700928,0.051848396159054504,0.05073674006769191,-30.472315846526534,100.0
497,22.318483591079712,-32.83937384229616,5.847292104676402,-24.137390871470508,-61.56992949171538,92.5,3.7639170338728234,0.05,0.008983373641967773,0.25518083572387695,0.023973014,0.012322276,-32.723685540296806,-0.9486739999524914,-0.6595558225620668,92.5,10000,1.6445527076721191,0.053141043025038394,0.05235224150126679,-31.412738998547432,90.0
498,22.26819634437561,-33.02455805728296,6.525623718307136,-23.62954477112338,-82.50235676087473,92.0,3.087959522413432,0.05,0.009151697158813477,0.2793307304382324,0.025168799,0.013750378,-32.753772791995424,-0.9513658680340029,-0.6630943748210388,92.0,10000,1.6239349842071533,0.076064751921593,0.07580585718091992,-31.281398407562705,100.0
499,22.43551754951477,-33.681220448763334,6.740879619778895,-24.434996575245677,-67.43264472694712,91.0,3.8543056404333598,0.05,0.008876800537109375,0.2506387233734131,0.02551463,0.012154785,-32.846517557672215,-0.9589177065507211,-0.6762176426685466,91.0,10000,1.6111598014831543,0.07785247893824127,0.07400133129429082,-30.91293856365861,90.0
500,22.445772886276245,-32.46533186744988,5.501268335601131,-24.035659517236734,-75.53287735451858,93.5,3.378759881178855,0.05,0.008747100830078125,0.2533750534057617,0.025061818,0.01397283,-32.808398988649984,-0.945045947638553,-0.6520483970184314,93.5,10000,1.6108825206756592,0.055541863092474116,0.05318630563656029,-30.948148824019018,100.0
